27372.000000
30192.000000
32145.000000
30450.000000
33086.000000
29178.000000
29639.000000
27169.000000
34929.000000
28901.000000
31077.000000
36478.000000
28735.000000
26561.000000
34727.000000
29325.000000
28680.000000
32090.000000
34247.000000
26155.000000
30082.000000
33068.000000
30155.000000
34137.000000
26892.000000
35979.000000
37067.000000
32422.000000
32312.000000
26598.000000
25787.000000
31962.000000
35463.000000
26413.000000
32551.000000
30008.000000
32717.000000
28791.000000
31464.000000
29362.000000
29915.000000
30026.000000
32956.000000
32791.000000
32699.000000
32791.000000
28072.000000
33620.000000
32754.000000
30302.000000
30486.000000
32478.000000
30229.000000
31427.000000
32238.000000
25068.000000
33712.000000
35335.000000
29897.000000
35372.000000
28348.000000
28976.000000
29234.000000
33141.000000
35058.000000
47481.000000
34965.000000
41012.000000
28735.000000
37472.000000
33306.000000
29381.000000
28128.000000
28072.000000
29160.000000
32643.000000
33750.000000
37306.000000
26892.000000
33343.000000
28993.000000
32865.000000
45417.000000
33215.000000
29142.000000
32773.000000
32588.000000
30579.000000
32128.000000
32127.000000
36440.000000
29694.000000
33583.000000
28865.000000
29160.000000
29713.000000
32293.000000
33085.000000
31040.000000
26598.000000
33343.000000
31906.000000
37564.000000
30119.000000
27740.000000
29178.000000
31703.000000
29878.000000
29381.000000
29012.000000
32128.000000
30192.000000
31850.000000
30855.000000
35887.000000
28662.000000
29768.000000
32773.000000
35187.000000
33786.000000
32330.000000
32551.000000
34745.000000
32625.000000
29675.000000
32146.000000
29934.000000
32846.000000
30063.000000
28975.000000
30377.000000
33122.000000
28827.000000
28773.000000
27298.000000
32552.000000
32109.000000
34892.000000
27353.000000
34431.000000
33197.000000
26211.000000
38874.000000
28607.000000
30247.000000
32976.000000
31372.000000
30229.000000
32514.000000
32828.000000
28219.000000
33067.000000
28699.000000
29934.000000
27870.000000
32164.000000
28551.000000
28883.000000
32680.000000
31058.000000
31390.000000
27999.000000
28754.000000
32533.000000
33362.000000
28477.000000
30358.000000
29307.000000
28054.000000
31169.000000
33288.000000
29953.000000
32975.000000
27777.000000
26081.000000
32993.000000
32993.000000
35242.000000
32957.000000
29030.000000
31187.000000
30118.000000
38339.000000
31279.000000
28717.000000
32533.000000
33141.000000
30340.000000
33381.000000
37491.000000
29547.000000
32994.000000
33546.000000
28128.000000
35316.000000
32348.000000
33343.000000
28441.000000
29639.000000
30100.000000
