5530.000000
5529.000000
5530.000000
6838.000000
5437.000000
5530.000000
5549.000000
5456.000000
5511.000000
5345.000000
5474.000000
5530.000000
5548.000000
5345.000000
5751.000000
5401.000000
5492.000000
5493.000000
5419.000000
5437.000000
5438.000000
5474.000000
5272.000000
5493.000000
5401.000000
5511.000000
5548.000000
5456.000000
5696.000000
5530.000000
5345.000000
5548.000000
5438.000000
5419.000000
5641.000000
5511.000000
5512.000000
5474.000000
5549.000000
5419.000000
5475.000000
5566.000000
5530.000000
5604.000000
5493.000000
5566.000000
5548.000000
5493.000000
5400.000000
6304.000000
5437.000000
5437.000000
5474.000000
5474.000000
6304.000000
5475.000000
5585.000000
5437.000000
5603.000000
5474.000000
5437.000000
5382.000000
5695.000000
5954.000000
5511.000000
5309.000000
5290.000000
5548.000000
5364.000000
7686.000000
5456.000000
5456.000000
5456.000000
5530.000000
5455.000000
5400.000000
5419.000000
5437.000000
5437.000000
5529.000000
5456.000000
5438.000000
5898.000000
5364.000000
5511.000000
5493.000000
5364.000000
5585.000000
5493.000000
5529.000000
5585.000000
5529.000000
5474.000000
5437.000000
5511.000000
5493.000000
5438.000000
6119.000000
5530.000000
5474.000000
5419.000000
5420.000000
5474.000000
5603.000000
5585.000000
5567.000000
5493.000000
5530.000000
5603.000000
5309.000000
5585.000000
5327.000000
5456.000000
5419.000000
5456.000000
5474.000000
5493.000000
5456.000000
5419.000000
5511.000000
5474.000000
5308.000000
5400.000000
5567.000000
5604.000000
5622.000000
5548.000000
5456.000000
5475.000000
5438.000000
5548.000000
5530.000000
5529.000000
5438.000000
5345.000000
5474.000000
5566.000000
5364.000000
5419.000000
5400.000000
5345.000000
5511.000000
5511.000000
5585.000000
5493.000000
5456.000000
5567.000000
5566.000000
5493.000000
5382.000000
5585.000000
5309.000000
5327.000000
5346.000000
5511.000000
5474.000000
5327.000000
5327.000000
5437.000000
5493.000000
5493.000000
5346.000000
5566.000000
5492.000000
5419.000000
5511.000000
5604.000000
5438.000000
6599.000000
5345.000000
5474.000000
5566.000000
5382.000000
5529.000000
5456.000000
5308.000000
8719.000000
5511.000000
5456.000000
5843.000000
5566.000000
5511.000000
5419.000000
5548.000000
5548.000000
5714.000000
5475.000000
5530.000000
5437.000000
5382.000000
5548.000000
5475.000000
5677.000000
5401.000000
5419.000000
5437.000000
5456.000000
5530.000000
5364.000000
6709.000000
