885.000000
884.000000
922.000000
1014.000000
848.000000
866.000000
848.000000
866.000000
921.000000
903.000000
829.000000
867.000000
866.000000
848.000000
866.000000
940.000000
811.000000
848.000000
829.000000
867.000000
903.000000
830.000000
848.000000
903.000000
830.000000
829.000000
903.000000
829.000000
885.000000
940.000000
811.000000
866.000000
829.000000
792.000000
903.000000
848.000000
811.000000
774.000000
774.000000
921.000000
792.000000
866.000000
866.000000
811.000000
811.000000
848.000000
848.000000
848.000000
867.000000
866.000000
867.000000
792.000000
903.000000
903.000000
847.000000
996.000000
921.000000
921.000000
811.000000
940.000000
867.000000
848.000000
811.000000
830.000000
830.000000
903.000000
848.000000
921.000000
848.000000
940.000000
792.000000
829.000000
848.000000
903.000000
848.000000
885.000000
811.000000
829.000000
792.000000
4774.000000
830.000000
1825.000000
811.000000
866.000000
996.000000
830.000000
921.000000
867.000000
848.000000
848.000000
996.000000
866.000000
848.000000
830.000000
866.000000
922.000000
847.000000
884.000000
792.000000
829.000000
867.000000
922.000000
922.000000
830.000000
792.000000
848.000000
793.000000
793.000000
811.000000
811.000000
811.000000
866.000000
867.000000
793.000000
848.000000
848.000000
811.000000
922.000000
848.000000
848.000000
793.000000
995.000000
940.000000
885.000000
903.000000
811.000000
903.000000
976.000000
774.000000
848.000000
829.000000
848.000000
958.000000
903.000000
830.000000
885.000000
867.000000
811.000000
793.000000
829.000000
940.000000
774.000000
829.000000
793.000000
940.000000
922.000000
792.000000
793.000000
977.000000
793.000000
1033.000000
885.000000
959.000000
867.000000
866.000000
792.000000
977.000000
775.000000
848.000000
848.000000
829.000000
866.000000
774.000000
903.000000
848.000000
829.000000
811.000000
922.000000
921.000000
884.000000
848.000000
811.000000
904.000000
848.000000
830.000000
811.000000
793.000000
885.000000
922.000000
793.000000
848.000000
903.000000
829.000000
829.000000
866.000000
866.000000
940.000000
921.000000
1990.000000
885.000000
996.000000
829.000000
904.000000
921.000000
958.000000
829.000000
867.000000
866.000000
867.000000
921.000000
