1844.000000
1899.000000
1899.000000
1806.000000
2027.000000
1806.000000
2028.000000
1972.000000
1880.000000
1862.000000
1825.000000
1898.000000
1880.000000
1806.000000
1862.000000
1935.000000
2028.000000
1825.000000
1972.000000
1825.000000
2046.000000
1917.000000
1843.000000
1917.000000
1972.000000
1844.000000
1880.000000
2046.000000
1917.000000
1954.000000
1825.000000
1806.000000
1843.000000
1807.000000
1954.000000
1898.000000
1843.000000
1972.000000
1861.000000
2082.000000
1898.000000
1880.000000
1990.000000
1990.000000
2635.000000
2064.000000
2433.000000
1861.000000
2028.000000
1844.000000
1825.000000
1972.000000
1861.000000
1991.000000
1991.000000
1880.000000
1770.000000
1991.000000
1824.000000
1917.000000
1843.000000
1825.000000
1843.000000
1972.000000
1917.000000
1991.000000
1861.000000
1861.000000
1917.000000
1825.000000
2009.000000
1825.000000
1917.000000
1862.000000
1954.000000
1806.000000
1788.000000
2009.000000
1825.000000
1973.000000
1880.000000
1954.000000
2009.000000
1972.000000
1862.000000
1972.000000
1880.000000
1916.000000
1843.000000
1806.000000
2064.000000
1880.000000
1898.000000
1991.000000
1898.000000
1843.000000
1990.000000
1880.000000
1880.000000
1880.000000
1769.000000
1880.000000
1898.000000
1861.000000
1861.000000
2064.000000
1898.000000
1824.000000
2027.000000
1806.000000
2064.000000
1825.000000
1696.000000
1825.000000
1770.000000
1917.000000
1862.000000
1825.000000
1806.000000
1769.000000
1898.000000
1991.000000
1843.000000
2009.000000
1843.000000
2027.000000
1898.000000
2028.000000
1861.000000
1880.000000
1990.000000
1972.000000
1898.000000
1917.000000
2064.000000
1733.000000
2083.000000
1825.000000
1770.000000
2156.000000
1807.000000
1825.000000
1917.000000
1898.000000
1917.000000
1881.000000
1862.000000
1861.000000
1936.000000
1954.000000
1825.000000
1991.000000
1861.000000
1806.000000
1880.000000
1862.000000
1972.000000
2010.000000
1935.000000
1917.000000
1807.000000
1862.000000
1880.000000
2046.000000
2119.000000
1862.000000
1862.000000
1825.000000
1844.000000
1880.000000
2009.000000
1898.000000
1898.000000
1862.000000
1917.000000
1990.000000
1880.000000
1806.000000
2046.000000
2746.000000
1917.000000
1899.000000
1972.000000
2010.000000
1880.000000
2083.000000
1899.000000
1898.000000
2617.000000
1769.000000
1861.000000
1861.000000
2083.000000
1843.000000
1991.000000
1917.000000
1862.000000
2580.000000
1973.000000
1862.000000
