18230.000000
20404.000000
20736.000000
17289.000000
19888.000000
21216.000000
21233.000000
18064.000000
20994.000000
21418.000000
21178.000000
20275.000000
20496.000000
21160.000000
20588.000000
21363.000000
21436.000000
21307.000000
20994.000000
20755.000000
21105.000000
20755.000000
19003.000000
20367.000000
18672.000000
20183.000000
21271.000000
20662.000000
18819.000000
20792.000000
21289.000000
20644.000000
17842.000000
21013.000000
18819.000000
18008.000000
19630.000000
21455.000000
21179.000000
21400.000000
20441.000000
20276.000000
18413.000000
19925.000000
20625.000000
17363.000000
17714.000000
20497.000000
20736.000000
17972.000000
17050.000000
20036.000000
21049.000000
21419.000000
20994.000000
19317.000000
21252.000000
21197.000000
20958.000000
19723.000000
21031.000000
21031.000000
20589.000000
20441.000000
16773.000000
18230.000000
20736.000000
21105.000000
21971.000000
20883.000000
19722.000000
20884.000000
18082.000000
20884.000000
21160.000000
19464.000000
21326.000000
19870.000000
22966.000000
21529.000000
21105.000000
19428.000000
23262.000000
21197.000000
21289.000000
19870.000000
17897.000000
20958.000000
18045.000000
17823.000000
21345.000000
20183.000000
21124.000000
19317.000000
20534.000000
19040.000000
18063.000000
20976.000000
11078.000000
20994.000000
20939.000000
20736.000000
19427.000000
20828.000000
18911.000000
20681.000000
21050.000000
16460.000000
20017.000000
21344.000000
18929.000000
18119.000000
20994.000000
22063.000000
21345.000000
20681.000000
19889.000000
18396.000000
20902.000000
21418.000000
19262.000000
20533.000000
21215.000000
18653.000000
21252.000000
19446.000000
20313.000000
19759.000000
20810.000000
20737.000000
17861.000000
20884.000000
20478.000000
20976.000000
18230.000000
18672.000000
18469.000000
18008.000000
17953.000000
15151.000000
21031.000000
21474.000000
21253.000000
20920.000000
18838.000000
20939.000000
21455.000000
20478.000000
19888.000000
21271.000000
21160.000000
21566.000000
21178.000000
18432.000000
21289.000000
21289.000000
21234.000000
20976.000000
20718.000000
21455.000000
21271.000000
17898.000000
20386.000000
20588.000000
19004.000000
21511.000000
18211.000000
20312.000000
20792.000000
21253.000000
18893.000000
21307.000000
19852.000000
18837.000000
20183.000000
17971.000000
24478.000000
20976.000000
19409.000000
21197.000000
18616.000000
18745.000000
21234.000000
20736.000000
21308.000000
19465.000000
17953.000000
20644.000000
21012.000000
17603.000000
20368.000000
20737.000000
20681.000000
18561.000000
19888.000000
21013.000000
20607.000000
21326.000000
18377.000000
20331.000000
