1143.000000
958.000000
922.000000
977.000000
959.000000
1032.000000
1014.000000
903.000000
995.000000
1087.000000
977.000000
941.000000
1032.000000
995.000000
995.000000
976.000000
885.000000
1530.000000
996.000000
996.000000
922.000000
1124.000000
1014.000000
977.000000
940.000000
1013.000000
995.000000
977.000000
903.000000
848.000000
996.000000
977.000000
921.000000
959.000000
995.000000
1032.000000
977.000000
921.000000
958.000000
922.000000
995.000000
977.000000
977.000000
1014.000000
995.000000
977.000000
885.000000
884.000000
903.000000
922.000000
977.000000
977.000000
1088.000000
903.000000
995.000000
1088.000000
922.000000
1014.000000
1014.000000
996.000000
958.000000
977.000000
1032.000000
1050.000000
903.000000
1032.000000
976.000000
976.000000
904.000000
940.000000
977.000000
903.000000
1069.000000
1014.000000
921.000000
940.000000
959.000000
940.000000
903.000000
903.000000
1014.000000
1383.000000
1013.000000
1124.000000
995.000000
921.000000
958.000000
958.000000
1014.000000
793.000000
903.000000
958.000000
996.000000
884.000000
940.000000
958.000000
959.000000
977.000000
976.000000
940.000000
1014.000000
1346.000000
1124.000000
977.000000
977.000000
995.000000
977.000000
921.000000
1070.000000
922.000000
996.000000
1014.000000
921.000000
995.000000
1032.000000
977.000000
977.000000
1050.000000
921.000000
996.000000
884.000000
1032.000000
1161.000000
1014.000000
996.000000
903.000000
976.000000
903.000000
977.000000
977.000000
903.000000
903.000000
1125.000000
1014.000000
977.000000
959.000000
940.000000
922.000000
995.000000
1032.000000
1198.000000
1014.000000
959.000000
959.000000
922.000000
904.000000
884.000000
977.000000
958.000000
1014.000000
1143.000000
1032.000000
940.000000
1014.000000
1106.000000
959.000000
1032.000000
977.000000
922.000000
885.000000
1013.000000
959.000000
1087.000000
1032.000000
903.000000
977.000000
995.000000
959.000000
922.000000
1033.000000
959.000000
996.000000
1087.000000
903.000000
959.000000
921.000000
1678.000000
885.000000
995.000000
977.000000
1032.000000
959.000000
977.000000
1032.000000
903.000000
1051.000000
1069.000000
995.000000
959.000000
977.000000
977.000000
959.000000
1051.000000
1014.000000
866.000000
1032.000000
977.000000
940.000000
1032.000000
977.000000
