10856.000000
11096.000000
10728.000000
10912.000000
10802.000000
10820.000000
10783.000000
10856.000000
10433.000000
10765.000000
10838.000000
10875.000000
10782.000000
10802.000000
10912.000000
10893.000000
10820.000000
11059.000000
10838.000000
10764.000000
11206.000000
10764.000000
10599.000000
10802.000000
10635.000000
11059.000000
10765.000000
11022.000000
10746.000000
10764.000000
11059.000000
10561.000000
10838.000000
10838.000000
10819.000000
10635.000000
10562.000000
10857.000000
10802.000000
10783.000000
10506.000000
10801.000000
10691.000000
10728.000000
10820.000000
10580.000000
10838.000000
10783.000000
11667.000000
10801.000000
10912.000000
10543.000000
10875.000000
10746.000000
10636.000000
10820.000000
10820.000000
10746.000000
11502.000000
11004.000000
10653.000000
10691.000000
10764.000000
10839.000000
10764.000000
10782.000000
10949.000000
10911.000000
10820.000000
11243.000000
10782.000000
11114.000000
10838.000000
10580.000000
10893.000000
10561.000000
10783.000000
10912.000000
10783.000000
10746.000000
10691.000000
10911.000000
11815.000000
10580.000000
10838.000000
10764.000000
10801.000000
11115.000000
11004.000000
10857.000000
10635.000000
10819.000000
10912.000000
11133.000000
11207.000000
10765.000000
10857.000000
10875.000000
10543.000000
11336.000000
10912.000000
10875.000000
10839.000000
10709.000000
10691.000000
10801.000000
10690.000000
11188.000000
10893.000000
10857.000000
11022.000000
10801.000000
10856.000000
11372.000000
10838.000000
10985.000000
10728.000000
10856.000000
10986.000000
10949.000000
10728.000000
10690.000000
11077.000000
10801.000000
10783.000000
10801.000000
11114.000000
10746.000000
10912.000000
10985.000000
10949.000000
10783.000000
10635.000000
11170.000000
10875.000000
10838.000000
11133.000000
10764.000000
10930.000000
10838.000000
10893.000000
10930.000000
10857.000000
11281.000000
10838.000000
10838.000000
10875.000000
10782.000000
10728.000000
10690.000000
10801.000000
11723.000000
10931.000000
10838.000000
10894.000000
10765.000000
10801.000000
10893.000000
10894.000000
10782.000000
10838.000000
11022.000000
10912.000000
10838.000000
10746.000000
13713.000000
11521.000000
11575.000000
10728.000000
10783.000000
10857.000000
10617.000000
10857.000000
10820.000000
10856.000000
10727.000000
11262.000000
10581.000000
10672.000000
10912.000000
10746.000000
10856.000000
10727.000000
11004.000000
10783.000000
10912.000000
10930.000000
10396.000000
10801.000000
10801.000000
11446.000000
10782.000000
10875.000000
10507.000000
10672.000000
10838.000000
10930.000000
10801.000000
10857.000000
10801.000000
