3042.000000
3022.000000
3152.000000
3023.000000
3318.000000
3023.000000
2968.000000
2986.000000
3023.000000
3042.000000
3042.000000
3004.000000
3005.000000
3023.000000
2968.000000
3115.000000
2950.000000
3023.000000
2986.000000
2968.000000
3078.000000
3005.000000
3041.000000
3115.000000
2986.000000
2949.000000
2950.000000
3042.000000
2949.000000
2986.000000
3005.000000
2986.000000
2986.000000
3023.000000
3041.000000
2930.000000
2968.000000
3041.000000
2968.000000
3041.000000
3005.000000
2967.000000
3612.000000
2986.000000
3115.000000
3613.000000
3004.000000
3023.000000
3005.000000
2968.000000
3097.000000
2986.000000
2930.000000
3023.000000
3023.000000
3336.000000
3023.000000
2986.000000
3391.000000
3300.000000
2950.000000
2968.000000
3042.000000
2986.000000
3392.000000
2949.000000
2986.000000
3060.000000
3281.000000
2968.000000
3041.000000
3189.000000
2950.000000
2949.000000
2986.000000
2894.000000
3059.000000
2986.000000
2913.000000
3594.000000
2986.000000
3041.000000
2968.000000
4406.000000
3042.000000
3208.000000
3373.000000
2986.000000
2986.000000
3023.000000
3115.000000
3005.000000
3041.000000
3041.000000
2986.000000
2986.000000
4737.000000
2968.000000
2967.000000
2931.000000
3115.000000
2986.000000
2968.000000
2967.000000
3115.000000
2986.000000
2912.000000
3023.000000
3262.000000
3023.000000
3134.000000
3041.000000
3152.000000
2986.000000
3078.000000
3299.000000
2968.000000
2931.000000
3078.000000
3004.000000
3078.000000
3078.000000
3023.000000
2986.000000
2986.000000
3410.000000
3005.000000
3041.000000
3023.000000
3336.000000
3004.000000
5032.000000
3060.000000
2968.000000
3023.000000
2986.000000
4037.000000
2949.000000
2912.000000
3152.000000
3225.000000
2986.000000
2968.000000
2968.000000
3041.000000
3060.000000
3004.000000
2949.000000
3097.000000
4331.000000
2986.000000
3023.000000
2968.000000
3005.000000
3041.000000
2967.000000
3096.000000
2986.000000
3023.000000
3097.000000
3041.000000
3115.000000
3005.000000
3225.000000
3023.000000
4018.000000
3023.000000
3004.000000
3115.000000
2893.000000
3078.000000
2986.000000
3005.000000
3023.000000
3594.000000
3042.000000
2968.000000
4406.000000
3041.000000
3373.000000
3760.000000
2968.000000
3060.000000
3078.000000
3097.000000
2931.000000
3078.000000
2949.000000
3097.000000
3281.000000
2967.000000
4037.000000
3005.000000
3042.000000
2968.000000
3189.000000
3207.000000
2931.000000
3226.000000
3041.000000
