1400.000000
1364.000000
1364.000000
1383.000000
1198.000000
1419.000000
1383.000000
1346.000000
1364.000000
1419.000000
1364.000000
1364.000000
1382.000000
1309.000000
1327.000000
1161.000000
1437.000000
1419.000000
1419.000000
1419.000000
1309.000000
1438.000000
1383.000000
1309.000000
1327.000000
1290.000000
1161.000000
1382.000000
1401.000000
1438.000000
1401.000000
1364.000000
1419.000000
1400.000000
1382.000000
1291.000000
1364.000000
1290.000000
1364.000000
1419.000000
1235.000000
1438.000000
1161.000000
1327.000000
1327.000000
1345.000000
1383.000000
1383.000000
1327.000000
1383.000000
1309.000000
1401.000000
1401.000000
1419.000000
1217.000000
1290.000000
1327.000000
1401.000000
1327.000000
1512.000000
1308.000000
1345.000000
1235.000000
1253.000000
1420.000000
1401.000000
1383.000000
1309.000000
1438.000000
1290.000000
1198.000000
1327.000000
1364.000000
1272.000000
1383.000000
1345.000000
1309.000000
1401.000000
1419.000000
1272.000000
1198.000000
1180.000000
1327.000000
1419.000000
1254.000000
1401.000000
1272.000000
1346.000000
1179.000000
1180.000000
1512.000000
1327.000000
1862.000000
1382.000000
1235.000000
1198.000000
1420.000000
1474.000000
1327.000000
1603.000000
1309.000000
1419.000000
1401.000000
1861.000000
1235.000000
1346.000000
1327.000000
1327.000000
1493.000000
1456.000000
1217.000000
1401.000000
1309.000000
1364.000000
1364.000000
1364.000000
1383.000000
1254.000000
1383.000000
1345.000000
1400.000000
1290.000000
1364.000000
1401.000000
1235.000000
1419.000000
1309.000000
1400.000000
1217.000000
1419.000000
1475.000000
1383.000000
1346.000000
1216.000000
1345.000000
1327.000000
1769.000000
1530.000000
1309.000000
1511.000000
1346.000000
1401.000000
1216.000000
1327.000000
1327.000000
1327.000000
1198.000000
1345.000000
1364.000000
1345.000000
1844.000000
1401.000000
1345.000000
1401.000000
1346.000000
1309.000000
1309.000000
1438.000000
1382.000000
1309.000000
1328.000000
1327.000000
1346.000000
1475.000000
1383.000000
1217.000000
1272.000000
1309.000000
1383.000000
1327.000000
1898.000000
1309.000000
1198.000000
1254.000000
1309.000000
1401.000000
1327.000000
1512.000000
1199.000000
1291.000000
1254.000000
1382.000000
1493.000000
1216.000000
1419.000000
1253.000000
1309.000000
1364.000000
1345.000000
1382.000000
1327.000000
1309.000000
1382.000000
1346.000000
1345.000000
1566.000000
1345.000000
1401.000000
1383.000000
1419.000000
