811.000000
848.000000
885.000000
884.000000
830.000000
829.000000
1217.000000
829.000000
829.000000
940.000000
848.000000
848.000000
830.000000
922.000000
811.000000
866.000000
867.000000
811.000000
829.000000
1032.000000
885.000000
884.000000
829.000000
903.000000
811.000000
884.000000
829.000000
884.000000
885.000000
1051.000000
811.000000
903.000000
921.000000
847.000000
867.000000
903.000000
1051.000000
811.000000
958.000000
922.000000
903.000000
922.000000
940.000000
903.000000
922.000000
830.000000
811.000000
848.000000
921.000000
903.000000
885.000000
922.000000
977.000000
884.000000
848.000000
940.000000
811.000000
830.000000
940.000000
922.000000
829.000000
1420.000000
811.000000
903.000000
811.000000
867.000000
811.000000
847.000000
903.000000
1419.000000
921.000000
811.000000
793.000000
866.000000
922.000000
830.000000
922.000000
848.000000
885.000000
884.000000
829.000000
921.000000
866.000000
903.000000
811.000000
903.000000
830.000000
867.000000
830.000000
940.000000
885.000000
940.000000
1217.000000
848.000000
903.000000
1014.000000
921.000000
811.000000
811.000000
1272.000000
811.000000
921.000000
959.000000
811.000000
995.000000
792.000000
922.000000
848.000000
829.000000
792.000000
867.000000
829.000000
885.000000
866.000000
867.000000
811.000000
921.000000
922.000000
885.000000
885.000000
829.000000
829.000000
1014.000000
848.000000
811.000000
1161.000000
830.000000
793.000000
829.000000
885.000000
866.000000
885.000000
922.000000
903.000000
884.000000
848.000000
830.000000
922.000000
829.000000
940.000000
976.000000
848.000000
829.000000
922.000000
904.000000
774.000000
848.000000
940.000000
940.000000
830.000000
977.000000
830.000000
940.000000
848.000000
1069.000000
811.000000
1033.000000
903.000000
866.000000
848.000000
847.000000
866.000000
811.000000
867.000000
774.000000
792.000000
866.000000
848.000000
921.000000
885.000000
922.000000
867.000000
811.000000
848.000000
922.000000
941.000000
811.000000
903.000000
903.000000
866.000000
848.000000
848.000000
921.000000
921.000000
848.000000
922.000000
977.000000
811.000000
903.000000
940.000000
829.000000
830.000000
922.000000
884.000000
830.000000
848.000000
921.000000
830.000000
848.000000
847.000000
