590.000000
701.000000
664.000000
461.000000
479.000000
443.000000
553.000000
645.000000
627.000000
516.000000
682.000000
608.000000
534.000000
442.000000
553.000000
608.000000
479.000000
553.000000
701.000000
608.000000
682.000000
590.000000
608.000000
572.000000
627.000000
682.000000
1013.000000
664.000000
497.000000
461.000000
1493.000000
498.000000
461.000000
553.000000
1475.000000
479.000000
589.000000
589.000000
424.000000
646.000000
590.000000
516.000000
608.000000
608.000000
442.000000
903.000000
737.000000
553.000000
682.000000
719.000000
480.000000
627.000000
1032.000000
516.000000
608.000000
534.000000
571.000000
645.000000
626.000000
534.000000
553.000000
627.000000
1088.000000
571.000000
701.000000
535.000000
461.000000
737.000000
534.000000
553.000000
590.000000
461.000000
571.000000
553.000000
590.000000
460.000000
626.000000
645.000000
645.000000
664.000000
553.000000
627.000000
701.000000
424.000000
609.000000
646.000000
590.000000
572.000000
645.000000
627.000000
424.000000
590.000000
609.000000
479.000000
664.000000
663.000000
645.000000
479.000000
535.000000
571.000000
1420.000000
608.000000
627.000000
682.000000
405.000000
479.000000
609.000000
1603.000000
1548.000000
1143.000000
1529.000000
1585.000000
1530.000000
664.000000
590.000000
664.000000
369.000000
682.000000
1327.000000
534.000000
572.000000
572.000000
461.000000
553.000000
479.000000
608.000000
755.000000
995.000000
848.000000
552.000000
479.000000
498.000000
516.000000
572.000000
590.000000
442.000000
608.000000
664.000000
645.000000
682.000000
626.000000
626.000000
534.000000
940.000000
682.000000
590.000000
701.000000
719.000000
627.000000
645.000000
553.000000
590.000000
645.000000
534.000000
572.000000
1640.000000
700.000000
609.000000
646.000000
737.000000
608.000000
571.000000
368.000000
626.000000
572.000000
517.000000
682.000000
498.000000
572.000000
387.000000
627.000000
535.000000
682.000000
553.000000
424.000000
664.000000
553.000000
571.000000
461.000000
645.000000
608.000000
664.000000
609.000000
479.000000
664.000000
626.000000
663.000000
627.000000
609.000000
552.000000
626.000000
535.000000
663.000000
460.000000
572.000000
608.000000
700.000000
480.000000
590.000000
423.000000
