1106.000000
1180.000000
977.000000
682.000000
756.000000
1253.000000
811.000000
1050.000000
996.000000
1032.000000
756.000000
866.000000
1124.000000
646.000000
1032.000000
903.000000
959.000000
1088.000000
940.000000
1070.000000
1106.000000
811.000000
1125.000000
1217.000000
866.000000
867.000000
1217.000000
1143.000000
866.000000
1327.000000
793.000000
1217.000000
1972.000000
1014.000000
1106.000000
1143.000000
958.000000
1125.000000
848.000000
1069.000000
1106.000000
701.000000
1142.000000
1143.000000
885.000000
903.000000
1124.000000
738.000000
1235.000000
700.000000
1087.000000
940.000000
2175.000000
977.000000
1106.000000
1474.000000
1125.000000
1161.000000
1198.000000
1162.000000
1290.000000
590.000000
774.000000
1180.000000
645.000000
1327.000000
1143.000000
848.000000
1162.000000
1327.000000
1087.000000
608.000000
1069.000000
903.000000
829.000000
1014.000000
627.000000
1235.000000
664.000000
1327.000000
829.000000
682.000000
1162.000000
903.000000
608.000000
1143.000000
1235.000000
903.000000
1198.000000
1198.000000
1198.000000
1032.000000
1272.000000
959.000000
1198.000000
626.000000
1032.000000
1180.000000
1198.000000
1124.000000
1161.000000
663.000000
940.000000
1161.000000
1363.000000
1124.000000
1161.000000
1198.000000
2857.000000
2655.000000
2489.000000
2562.000000
2341.000000
2838.000000
903.000000
663.000000
1106.000000
1143.000000
1198.000000
811.000000
958.000000
1032.000000
1124.000000
1179.000000
1162.000000
645.000000
922.000000
1033.000000
829.000000
2359.000000
1291.000000
1161.000000
1217.000000
1013.000000
1180.000000
1179.000000
1161.000000
1198.000000
940.000000
700.000000
1106.000000
1069.000000
1014.000000
1641.000000
1217.000000
627.000000
921.000000
829.000000
1143.000000
1161.000000
1180.000000
996.000000
2120.000000
847.000000
1051.000000
1180.000000
1032.000000
1161.000000
1216.000000
1272.000000
1069.000000
756.000000
959.000000
996.000000
904.000000
958.000000
922.000000
682.000000
921.000000
1198.000000
793.000000
1254.000000
1180.000000
700.000000
940.000000
1179.000000
1142.000000
1069.000000
1180.000000
867.000000
700.000000
958.000000
1106.000000
1180.000000
1125.000000
1179.000000
2157.000000
811.000000
884.000000
609.000000
738.000000
866.000000
1162.000000
774.000000
940.000000
1180.000000
1106.000000
1217.000000
1272.000000
1106.000000
