940.000000
941.000000
1327.000000
1198.000000
1272.000000
1142.000000
1198.000000
867.000000
848.000000
867.000000
1180.000000
1050.000000
1161.000000
590.000000
1143.000000
664.000000
1383.000000
626.000000
1125.000000
608.000000
2285.000000
1069.000000
1161.000000
1217.000000
1142.000000
1051.000000
1216.000000
682.000000
1069.000000
1253.000000
774.000000
977.000000
3005.000000
1125.000000
1161.000000
774.000000
700.000000
1180.000000
737.000000
663.000000
1180.000000
793.000000
1253.000000
646.000000
940.000000
1235.000000
1143.000000
1106.000000
885.000000
792.000000
1088.000000
1161.000000
1124.000000
1088.000000
885.000000
848.000000
1253.000000
719.000000
996.000000
774.000000
996.000000
627.000000
1032.000000
848.000000
774.000000
1069.000000
1143.000000
1143.000000
848.000000
1253.000000
793.000000
1069.000000
1143.000000
664.000000
1162.000000
1143.000000
1142.000000
738.000000
1124.000000
977.000000
1106.000000
830.000000
1143.000000
1217.000000
977.000000
830.000000
1088.000000
1069.000000
848.000000
1069.000000
1198.000000
775.000000
1050.000000
867.000000
848.000000
959.000000
1161.000000
1143.000000
1014.000000
1125.000000
1069.000000
1235.000000
940.000000
848.000000
701.000000
829.000000
700.000000
1032.000000
2636.000000
2562.000000
2636.000000
2489.000000
2710.000000
3483.000000
1309.000000
866.000000
958.000000
1088.000000
775.000000
1198.000000
940.000000
590.000000
1124.000000
682.000000
1235.000000
627.000000
1235.000000
1124.000000
830.000000
1198.000000
1051.000000
627.000000
774.000000
2949.000000
1124.000000
1180.000000
903.000000
663.000000
885.000000
1069.000000
1695.000000
1235.000000
1124.000000
1087.000000
1272.000000
1125.000000
755.000000
1051.000000
756.000000
1106.000000
1032.000000
811.000000
884.000000
922.000000
1161.000000
1162.000000
701.000000
2249.000000
885.000000
921.000000
1254.000000
1788.000000
1143.000000
774.000000
1253.000000
1253.000000
2378.000000
995.000000
719.000000
1162.000000
700.000000
1106.000000
1143.000000
590.000000
1162.000000
1346.000000
1180.000000
1180.000000
1235.000000
1087.000000
1069.000000
1106.000000
1051.000000
1272.000000
995.000000
608.000000
1143.000000
664.000000
1106.000000
866.000000
1069.000000
774.000000
1161.000000
1180.000000
1198.000000
866.000000
1235.000000
1033.000000
996.000000
719.000000
