1032.000000
719.000000
700.000000
664.000000
793.000000
701.000000
867.000000
663.000000
701.000000
240.000000
885.000000
700.000000
664.000000
756.000000
682.000000
737.000000
737.000000
738.000000
700.000000
719.000000
700.000000
682.000000
719.000000
867.000000
737.000000
719.000000
738.000000
627.000000
2267.000000
719.000000
663.000000
755.000000
738.000000
885.000000
608.000000
701.000000
811.000000
645.000000
719.000000
627.000000
627.000000
830.000000
700.000000
1604.000000
977.000000
737.000000
682.000000
719.000000
645.000000
664.000000
977.000000
682.000000
701.000000
756.000000
700.000000
700.000000
682.000000
774.000000
700.000000
664.000000
719.000000
737.000000
682.000000
682.000000
756.000000
718.000000
700.000000
645.000000
645.000000
848.000000
885.000000
719.000000
811.000000
663.000000
848.000000
682.000000
719.000000
719.000000
700.000000
1308.000000
848.000000
718.000000
922.000000
719.000000
737.000000
645.000000
663.000000
701.000000
719.000000
756.000000
737.000000
682.000000
719.000000
701.000000
645.000000
756.000000
811.000000
701.000000
682.000000
682.000000
737.000000
774.000000
756.000000
701.000000
682.000000
719.000000
700.000000
1659.000000
1013.000000
1696.000000
1659.000000
1659.000000
2009.000000
700.000000
737.000000
645.000000
682.000000
811.000000
682.000000
626.000000
718.000000
627.000000
700.000000
1770.000000
756.000000
793.000000
940.000000
719.000000
793.000000
700.000000
756.000000
719.000000
903.000000
719.000000
682.000000
719.000000
737.000000
755.000000
276.000000
737.000000
645.000000
645.000000
830.000000
719.000000
700.000000
719.000000
921.000000
848.000000
682.000000
940.000000
645.000000
719.000000
774.000000
719.000000
627.000000
756.000000
774.000000
756.000000
719.000000
700.000000
738.000000
701.000000
829.000000
737.000000
700.000000
774.000000
1788.000000
645.000000
922.000000
719.000000
940.000000
645.000000
718.000000
793.000000
829.000000
700.000000
756.000000
719.000000
608.000000
700.000000
682.000000
774.000000
571.000000
664.000000
829.000000
645.000000
737.000000
682.000000
811.000000
682.000000
737.000000
996.000000
700.000000
645.000000
645.000000
719.000000
663.000000
718.000000
700.000000
664.000000
