2286.000000
2175.000000
2286.000000
2083.000000
3060.000000
2231.000000
2304.000000
2101.000000
2378.000000
2378.000000
2286.000000
2341.000000
2248.000000
2378.000000
2433.000000
3428.000000
2378.000000
2286.000000
2470.000000
1715.000000
2212.000000
2359.000000
2286.000000
2194.000000
2377.000000
2415.000000
2341.000000
2360.000000
2286.000000
2248.000000
2451.000000
2249.000000
2360.000000
2323.000000
2156.000000
2396.000000
2360.000000
2304.000000
2396.000000
2322.000000
2341.000000
2378.000000
2249.000000
2193.000000
2193.000000
2341.000000
2341.000000
2286.000000
2064.000000
2360.000000
2193.000000
2212.000000
2212.000000
2119.000000
2194.000000
1861.000000
2230.000000
2231.000000
2377.000000
2193.000000
2322.000000
2286.000000
2304.000000
2323.000000
2194.000000
2249.000000
2304.000000
2230.000000
2433.000000
1751.000000
2304.000000
2452.000000
2267.000000
2377.000000
2304.000000
2360.000000
2156.000000
2415.000000
2341.000000
2359.000000
2396.000000
2193.000000
2249.000000
2359.000000
2211.000000
2323.000000
2304.000000
2267.000000
2285.000000
2082.000000
2194.000000
2212.000000
2212.000000
2341.000000
2360.000000
2082.000000
2083.000000
2304.000000
2212.000000
2046.000000
2285.000000
2341.000000
2065.000000
2304.000000
2156.000000
3336.000000
2212.000000
3798.000000
3816.000000
3926.000000
3686.000000
3133.000000
3594.000000
2028.000000
2304.000000
2286.000000
2194.000000
1659.000000
2359.000000
2249.000000
2249.000000
2249.000000
2211.000000
2248.000000
2488.000000
2267.000000
2931.000000
2304.000000
2230.000000
1549.000000
2285.000000
2305.000000
2249.000000
2268.000000
2340.000000
2341.000000
2286.000000
2267.000000
2138.000000
2304.000000
2323.000000
2304.000000
2249.000000
2138.000000
2248.000000
2378.000000
2267.000000
2175.000000
2267.000000
2322.000000
2323.000000
2249.000000
2323.000000
2470.000000
2304.000000
2322.000000
2230.000000
2230.000000
2231.000000
2101.000000
2433.000000
2267.000000
2194.000000
2267.000000
2323.000000
2212.000000
2286.000000
2249.000000
2305.000000
2231.000000
2322.000000
2175.000000
3079.000000
2175.000000
2359.000000
2304.000000
2119.000000
2562.000000
2268.000000
2341.000000
1899.000000
2452.000000
2194.000000
2175.000000
2230.000000
2340.000000
1161.000000
2285.000000
2286.000000
2340.000000
2193.000000
2285.000000
2230.000000
2304.000000
2101.000000
2341.000000
2156.000000
2286.000000
2267.000000
2064.000000
