1162.000000
1124.000000
884.000000
903.000000
1235.000000
1309.000000
941.000000
995.000000
1069.000000
1714.000000
1014.000000
1161.000000
1106.000000
977.000000
1309.000000
1493.000000
1162.000000
1143.000000
959.000000
2286.000000
1659.000000
1346.000000
1198.000000
1327.000000
1272.000000
1309.000000
1825.000000
1438.000000
1050.000000
1162.000000
922.000000
2489.000000
1567.000000
995.000000
1106.000000
1125.000000
1088.000000
1309.000000
977.000000
922.000000
1253.000000
1161.000000
1142.000000
1161.000000
922.000000
1125.000000
1254.000000
1106.000000
1087.000000
1069.000000
1032.000000
1106.000000
1069.000000
1327.000000
1033.000000
1309.000000
1456.000000
1253.000000
1752.000000
1216.000000
1069.000000
847.000000
1364.000000
1456.000000
1309.000000
1125.000000
1124.000000
1014.000000
1345.000000
1807.000000
793.000000
1087.000000
1143.000000
1162.000000
1474.000000
1400.000000
977.000000
1124.000000
1179.000000
995.000000
866.000000
1161.000000
1161.000000
1180.000000
903.000000
1179.000000
1125.000000
1198.000000
1051.000000
1254.000000
1106.000000
1013.000000
1475.000000
1180.000000
1217.000000
1050.000000
1161.000000
1235.000000
1216.000000
1142.000000
1125.000000
1106.000000
1235.000000
1180.000000
1217.000000
1899.000000
1235.000000
1014.000000
2710.000000
2525.000000
2654.000000
2544.000000
2617.000000
1069.000000
940.000000
1198.000000
1217.000000
940.000000
1198.000000
1327.000000
1364.000000
1050.000000
1088.000000
1143.000000
940.000000
1235.000000
1309.000000
1124.000000
1032.000000
903.000000
1198.000000
977.000000
1474.000000
1438.000000
1272.000000
1069.000000
1106.000000
1179.000000
1124.000000
1162.000000
774.000000
1216.000000
1235.000000
921.000000
903.000000
1309.000000
1308.000000
1180.000000
2488.000000
1254.000000
1161.000000
1125.000000
1143.000000
1254.000000
922.000000
1106.000000
1180.000000
774.000000
1106.000000
1051.000000
1088.000000
977.000000
867.000000
1088.000000
885.000000
940.000000
1677.000000
1106.000000
1124.000000
1143.000000
1125.000000
1143.000000
1106.000000
1364.000000
1142.000000
1087.000000
1216.000000
903.000000
1253.000000
829.000000
1106.000000
1051.000000
1199.000000
1475.000000
995.000000
1032.000000
387.000000
829.000000
1014.000000
1179.000000
1125.000000
1106.000000
1014.000000
1235.000000
1032.000000
1235.000000
1161.000000
1475.000000
1143.000000
1069.000000
