701.000000
848.000000
719.000000
774.000000
738.000000
811.000000
829.000000
295.000000
608.000000
719.000000
737.000000
700.000000
700.000000
737.000000
646.000000
792.000000
738.000000
811.000000
738.000000
664.000000
737.000000
737.000000
700.000000
701.000000
774.000000
700.000000
830.000000
793.000000
793.000000
645.000000
1272.000000
737.000000
682.000000
276.000000
738.000000
792.000000
700.000000
719.000000
645.000000
700.000000
663.000000
756.000000
700.000000
719.000000
664.000000
700.000000
756.000000
645.000000
811.000000
682.000000
645.000000
755.000000
737.000000
737.000000
756.000000
645.000000
737.000000
977.000000
792.000000
756.000000
719.000000
700.000000
756.000000
737.000000
756.000000
701.000000
1843.000000
737.000000
1014.000000
830.000000
701.000000
719.000000
664.000000
756.000000
940.000000
755.000000
682.000000
737.000000
737.000000
682.000000
848.000000
793.000000
756.000000
645.000000
1861.000000
701.000000
940.000000
1788.000000
701.000000
903.000000
1566.000000
718.000000
701.000000
1401.000000
608.000000
627.000000
737.000000
700.000000
829.000000
608.000000
756.000000
719.000000
664.000000
867.000000
701.000000
756.000000
848.000000
1733.000000
1659.000000
1714.000000
1733.000000
1678.000000
1327.000000
940.000000
682.000000
719.000000
664.000000
737.000000
719.000000
646.000000
682.000000
738.000000
755.000000
848.000000
682.000000
885.000000
608.000000
793.000000
626.000000
737.000000
793.000000
922.000000
719.000000
737.000000
719.000000
701.000000
737.000000
276.000000
719.000000
682.000000
682.000000
682.000000
664.000000
664.000000
737.000000
774.000000
774.000000
719.000000
1087.000000
1069.000000
737.000000
756.000000
258.000000
663.000000
682.000000
792.000000
682.000000
811.000000
811.000000
719.000000
738.000000
793.000000
664.000000
812.000000
1124.000000
663.000000
700.000000
627.000000
829.000000
1069.000000
921.000000
276.000000
682.000000
258.000000
811.000000
1291.000000
756.000000
774.000000
701.000000
774.000000
756.000000
867.000000
645.000000
682.000000
682.000000
663.000000
793.000000
737.000000
626.000000
738.000000
700.000000
737.000000
1346.000000
719.000000
756.000000
737.000000
719.000000
719.000000
718.000000
627.000000
