1032.000000
1106.000000
1346.000000
866.000000
1180.000000
1069.000000
940.000000
645.000000
1180.000000
1530.000000
1382.000000
1069.000000
1106.000000
1142.000000
940.000000
1106.000000
1106.000000
1069.000000
1198.000000
922.000000
1161.000000
1199.000000
1253.000000
1272.000000
1124.000000
1013.000000
1014.000000
1069.000000
1124.000000
1161.000000
1309.000000
1162.000000
1327.000000
1106.000000
959.000000
1069.000000
1180.000000
1180.000000
1217.000000
1106.000000
1088.000000
609.000000
959.000000
1179.000000
1235.000000
1032.000000
1272.000000
1143.000000
1180.000000
1143.000000
1198.000000
1420.000000
1271.000000
1198.000000
1161.000000
1327.000000
1142.000000
1512.000000
1032.000000
1327.000000
903.000000
1124.000000
1032.000000
995.000000
996.000000
1198.000000
1161.000000
1162.000000
1271.000000
1327.000000
1475.000000
1198.000000
1143.000000
811.000000
1419.000000
1254.000000
1088.000000
1106.000000
995.000000
1235.000000
1180.000000
1328.000000
1272.000000
1051.000000
1308.000000
1272.000000
1179.000000
1309.000000
1087.000000
682.000000
1161.000000
1198.000000
921.000000
1309.000000
995.000000
1143.000000
1198.000000
1106.000000
1125.000000
3115.000000
1051.000000
959.000000
1162.000000
1401.000000
1253.000000
977.000000
1309.000000
2028.000000
2746.000000
2802.000000
2765.000000
2563.000000
2802.000000
1124.000000
1069.000000
1013.000000
1161.000000
1088.000000
1991.000000
1087.000000
1087.000000
1309.000000
995.000000
1069.000000
1327.000000
977.000000
1143.000000
1290.000000
1069.000000
1235.000000
1105.000000
1106.000000
1309.000000
1179.000000
1106.000000
1346.000000
1309.000000
1162.000000
959.000000
1125.000000
1401.000000
1308.000000
1069.000000
977.000000
959.000000
1456.000000
1106.000000
1346.000000
1179.000000
995.000000
1088.000000
940.000000
700.000000
1456.000000
1235.000000
1198.000000
903.000000
1180.000000
1179.000000
1290.000000
1162.000000
1051.000000
996.000000
1179.000000
1125.000000
1161.000000
1235.000000
1106.000000
1143.000000
977.000000
1161.000000
1291.000000
1161.000000
1308.000000
1143.000000
1217.000000
940.000000
1051.000000
1014.000000
1199.000000
1345.000000
1014.000000
1291.000000
1106.000000
1161.000000
1070.000000
1364.000000
940.000000
1400.000000
995.000000
1438.000000
1216.000000
1216.000000
1051.000000
1235.000000
1180.000000
1161.000000
940.000000
1198.000000
1290.000000
