756.000000
719.000000
719.000000
792.000000
738.000000
682.000000
700.000000
922.000000
700.000000
627.000000
848.000000
719.000000
701.000000
663.000000
627.000000
1530.000000
885.000000
664.000000
700.000000
663.000000
737.000000
756.000000
608.000000
811.000000
737.000000
664.000000
1106.000000
829.000000
903.000000
756.000000
774.000000
738.000000
811.000000
719.000000
774.000000
627.000000
682.000000
996.000000
682.000000
756.000000
811.000000
609.000000
701.000000
756.000000
737.000000
755.000000
682.000000
682.000000
663.000000
719.000000
737.000000
627.000000
663.000000
682.000000
756.000000
719.000000
866.000000
737.000000
737.000000
755.000000
701.000000
719.000000
645.000000
1032.000000
737.000000
645.000000
682.000000
756.000000
756.000000
1327.000000
737.000000
700.000000
885.000000
203.000000
737.000000
775.000000
682.000000
663.000000
682.000000
737.000000
774.000000
774.000000
792.000000
1124.000000
719.000000
793.000000
700.000000
701.000000
1143.000000
664.000000
755.000000
682.000000
774.000000
608.000000
774.000000
737.000000
682.000000
756.000000
737.000000
664.000000
700.000000
701.000000
774.000000
774.000000
443.000000
646.000000
701.000000
1751.000000
1217.000000
6820.000000
1806.000000
1733.000000
1770.000000
719.000000
755.000000
663.000000
627.000000
719.000000
700.000000
848.000000
608.000000
627.000000
737.000000
700.000000
664.000000
737.000000
479.000000
756.000000
756.000000
701.000000
258.000000
737.000000
737.000000
737.000000
922.000000
1328.000000
701.000000
645.000000
774.000000
608.000000
719.000000
700.000000
682.000000
719.000000
701.000000
811.000000
700.000000
737.000000
608.000000
848.000000
977.000000
718.000000
645.000000
682.000000
811.000000
737.000000
719.000000
719.000000
645.000000
682.000000
682.000000
701.000000
755.000000
847.000000
737.000000
756.000000
700.000000
756.000000
848.000000
608.000000
700.000000
774.000000
829.000000
885.000000
627.000000
682.000000
737.000000
811.000000
682.000000
682.000000
737.000000
627.000000
756.000000
681.000000
719.000000
737.000000
701.000000
737.000000
719.000000
719.000000
719.000000
829.000000
737.000000
756.000000
829.000000
719.000000
1106.000000
718.000000
738.000000
663.000000
