755.000000
737.000000
332.000000
1604.000000
847.000000
793.000000
664.000000
719.000000
718.000000
738.000000
793.000000
903.000000
700.000000
737.000000
774.000000
737.000000
738.000000
792.000000
811.000000
792.000000
682.000000
866.000000
829.000000
738.000000
1014.000000
755.000000
645.000000
700.000000
829.000000
811.000000
719.000000
866.000000
719.000000
258.000000
719.000000
239.000000
811.000000
1917.000000
258.000000
848.000000
1696.000000
774.000000
701.000000
848.000000
885.000000
829.000000
1825.000000
1050.000000
848.000000
793.000000
682.000000
867.000000
848.000000
958.000000
829.000000
830.000000
756.000000
682.000000
811.000000
627.000000
885.000000
885.000000
793.000000
885.000000
1659.000000
792.000000
738.000000
239.000000
608.000000
701.000000
884.000000
737.000000
996.000000
701.000000
793.000000
867.000000
719.000000
811.000000
737.000000
663.000000
738.000000
811.000000
1087.000000
792.000000
608.000000
848.000000
682.000000
663.000000
719.000000
719.000000
682.000000
645.000000
1235.000000
774.000000
682.000000
738.000000
774.000000
774.000000
608.000000
645.000000
756.000000
775.000000
774.000000
811.000000
700.000000
590.000000
756.000000
11447.000000
1640.000000
1622.000000
1308.000000
1732.000000
1807.000000
737.000000
3152.000000
719.000000
811.000000
829.000000
700.000000
719.000000
571.000000
756.000000
1364.000000
719.000000
756.000000
737.000000
738.000000
755.000000
719.000000
976.000000
811.000000
701.000000
1401.000000
737.000000
866.000000
830.000000
738.000000
774.000000
756.000000
664.000000
1695.000000
774.000000
719.000000
811.000000
719.000000
1069.000000
811.000000
369.000000
719.000000
756.000000
811.000000
756.000000
1715.000000
811.000000
792.000000
774.000000
719.000000
239.000000
719.000000
884.000000
664.000000
737.000000
663.000000
700.000000
663.000000
775.000000
664.000000
830.000000
774.000000
701.000000
626.000000
681.000000
700.000000
719.000000
682.000000
1051.000000
1456.000000
793.000000
847.000000
701.000000
866.000000
663.000000
1272.000000
793.000000
645.000000
627.000000
1106.000000
664.000000
884.000000
701.000000
719.000000
240.000000
792.000000
866.000000
682.000000
663.000000
664.000000
682.000000
774.000000
756.000000
