737.000000
737.000000
719.000000
755.000000
719.000000
738.000000
774.000000
774.000000
737.000000
737.000000
737.000000
756.000000
738.000000
737.000000
755.000000
738.000000
718.000000
737.000000
774.000000
811.000000
756.000000
738.000000
756.000000
774.000000
737.000000
756.000000
756.000000
774.000000
756.000000
756.000000
756.000000
738.000000
756.000000
756.000000
755.000000
737.000000
755.000000
738.000000
756.000000
774.000000
793.000000
756.000000
775.000000
738.000000
645.000000
756.000000
756.000000
737.000000
737.000000
811.000000
756.000000
755.000000
756.000000
719.000000
737.000000
738.000000
737.000000
719.000000
738.000000
792.000000
756.000000
755.000000
737.000000
756.000000
738.000000
737.000000
774.000000
737.000000
738.000000
738.000000
737.000000
756.000000
756.000000
755.000000
811.000000
755.000000
830.000000
737.000000
738.000000
664.000000
738.000000
811.000000
811.000000
755.000000
848.000000
737.000000
737.000000
719.000000
718.000000
719.000000
738.000000
737.000000
738.000000
756.000000
737.000000
756.000000
756.000000
737.000000
737.000000
737.000000
738.000000
737.000000
719.000000
756.000000
737.000000
755.000000
775.000000
774.000000
756.000000
756.000000
756.000000
756.000000
774.000000
664.000000
811.000000
756.000000
737.000000
719.000000
738.000000
737.000000
737.000000
738.000000
719.000000
719.000000
737.000000
737.000000
811.000000
738.000000
645.000000
738.000000
755.000000
755.000000
774.000000
737.000000
756.000000
774.000000
664.000000
737.000000
646.000000
756.000000
756.000000
737.000000
737.000000
774.000000
775.000000
756.000000
848.000000
774.000000
885.000000
737.000000
737.000000
737.000000
718.000000
756.000000
737.000000
775.000000
737.000000
663.000000
756.000000
738.000000
756.000000
774.000000
774.000000
775.000000
737.000000
756.000000
737.000000
737.000000
738.000000
793.000000
756.000000
755.000000
738.000000
866.000000
774.000000
737.000000
737.000000
737.000000
756.000000
663.000000
775.000000
756.000000
738.000000
738.000000
756.000000
756.000000
738.000000
737.000000
756.000000
738.000000
774.000000
755.000000
756.000000
774.000000
756.000000
737.000000
775.000000
774.000000
756.000000
664.000000
