1493.000000
1530.000000
1511.000000
1400.000000
1364.000000
1512.000000
1493.000000
1585.000000
1382.000000
1603.000000
1640.000000
1530.000000
1678.000000
1383.000000
1474.000000
1529.000000
1696.000000
1364.000000
1512.000000
1548.000000
1512.000000
1493.000000
1364.000000
1530.000000
1696.000000
1345.000000
1309.000000
1530.000000
1400.000000
1512.000000
1586.000000
1511.000000
1511.000000
1548.000000
1530.000000
1567.000000
1401.000000
1530.000000
1622.000000
1493.000000
1493.000000
1474.000000
1346.000000
1475.000000
1493.000000
1511.000000
1530.000000
1530.000000
1548.000000
1548.000000
1659.000000
1364.000000
1622.000000
1511.000000
1530.000000
1548.000000
1493.000000
1549.000000
1511.000000
1530.000000
1530.000000
1530.000000
1511.000000
1548.000000
1364.000000
1364.000000
1511.000000
1345.000000
1364.000000
1548.000000
1382.000000
1530.000000
1493.000000
1511.000000
1548.000000
1493.000000
3778.000000
1530.000000
1549.000000
1566.000000
1566.000000
1530.000000
1548.000000
1566.000000
1346.000000
1530.000000
1364.000000
1346.000000
1530.000000
1549.000000
1604.000000
1511.000000
1548.000000
1474.000000
1585.000000
1512.000000
1512.000000
1530.000000
1549.000000
1530.000000
1512.000000
1696.000000
1327.000000
1585.000000
1566.000000
1511.000000
1677.000000
1493.000000
1493.000000
1493.000000
1493.000000
1512.000000
1529.000000
1309.000000
1475.000000
1511.000000
1511.000000
1382.000000
1474.000000
1640.000000
1419.000000
1512.000000
1567.000000
1548.000000
1401.000000
1567.000000
1382.000000
1530.000000
1364.000000
1345.000000
1530.000000
1493.000000
1530.000000
1549.000000
1309.000000
1493.000000
1549.000000
1364.000000
1585.000000
1420.000000
1530.000000
1603.000000
1511.000000
1511.000000
1345.000000
1511.000000
1530.000000
1530.000000
1566.000000
1327.000000
1437.000000
1382.000000
1456.000000
1475.000000
1677.000000
1529.000000
1327.000000
1511.000000
1474.000000
1548.000000
1474.000000
1659.000000
1530.000000
1382.000000
1493.000000
1585.000000
1364.000000
1364.000000
1512.000000
1549.000000
1512.000000
1512.000000
1364.000000
1548.000000
1548.000000
1585.000000
1530.000000
1529.000000
1364.000000
1586.000000
1530.000000
1475.000000
1548.000000
1530.000000
1456.000000
1548.000000
1474.000000
1382.000000
1327.000000
1512.000000
1512.000000
1530.000000
1346.000000
1512.000000
1678.000000
1512.000000
1512.000000
1530.000000
1585.000000
1548.000000
