2765.000000
2765.000000
2728.000000
2747.000000
2783.000000
2728.000000
2765.000000
2857.000000
2820.000000
2839.000000
2894.000000
2783.000000
2876.000000
2728.000000
2912.000000
2783.000000
2876.000000
2746.000000
2746.000000
2747.000000
2728.000000
2710.000000
3041.000000
2820.000000
2875.000000
2728.000000
2784.000000
2986.000000
2876.000000
2838.000000
3170.000000
2820.000000
2949.000000
2801.000000
2912.000000
2912.000000
2784.000000
2728.000000
2802.000000
2783.000000
2821.000000
2802.000000
2968.000000
2820.000000
2949.000000
2857.000000
2747.000000
2875.000000
2746.000000
3097.000000
3023.000000
2764.000000
2857.000000
2728.000000
2949.000000
2728.000000
2746.000000
2728.000000
2765.000000
2765.000000
2839.000000
2838.000000
2875.000000
2949.000000
2913.000000
2857.000000
2747.000000
2839.000000
2931.000000
2820.000000
2912.000000
2802.000000
2839.000000
2728.000000
2802.000000
2802.000000
2931.000000
2986.000000
2857.000000
3005.000000
2913.000000
2801.000000
2728.000000
2839.000000
2967.000000
2746.000000
2746.000000
2783.000000
2747.000000
2802.000000
2912.000000
2636.000000
2820.000000
2839.000000
2801.000000
2636.000000
2765.000000
2802.000000
2765.000000
2802.000000
3005.000000
2930.000000
2728.000000
2930.000000
2747.000000
2728.000000
2838.000000
2783.000000
3042.000000
2746.000000
2820.000000
2801.000000
2783.000000
2764.000000
2728.000000
6009.000000
2765.000000
3078.000000
2783.000000
2912.000000
2765.000000
2747.000000
2820.000000
2783.000000
2986.000000
2821.000000
2746.000000
2728.000000
2820.000000
2783.000000
2986.000000
2875.000000
2636.000000
2838.000000
2894.000000
2968.000000
2710.000000
2894.000000
2747.000000
2986.000000
2802.000000
2820.000000
2709.000000
3004.000000
2599.000000
2783.000000
2765.000000
2838.000000
2801.000000
2784.000000
2931.000000
2728.000000
2802.000000
2820.000000
2838.000000
2875.000000
2746.000000
3060.000000
3041.000000
2857.000000
2839.000000
2820.000000
2802.000000
2784.000000
2673.000000
2950.000000
3078.000000
2839.000000
2801.000000
2746.000000
2820.000000
3151.000000
3005.000000
3096.000000
2728.000000
2746.000000
2875.000000
2949.000000
2783.000000
2857.000000
2857.000000
2765.000000
2783.000000
2802.000000
2820.000000
2710.000000
2912.000000
2802.000000
2875.000000
2728.000000
2838.000000
2820.000000
3226.000000
2783.000000
2857.000000
2746.000000
2783.000000
2839.000000
2764.000000
2802.000000
