295.000000
295.000000
295.000000
295.000000
295.000000
295.000000
276.000000
276.000000
295.000000
295.000000
295.000000
294.000000
295.000000
295.000000
314.000000
295.000000
295.000000
295.000000
276.000000
295.000000
295.000000
295.000000
350.000000
295.000000
294.000000
295.000000
277.000000
277.000000
332.000000
295.000000
295.000000
295.000000
277.000000
295.000000
332.000000
276.000000
313.000000
295.000000
277.000000
276.000000
295.000000
277.000000
276.000000
295.000000
276.000000
276.000000
295.000000
295.000000
295.000000
276.000000
277.000000
295.000000
277.000000
277.000000
277.000000
295.000000
295.000000
277.000000
276.000000
276.000000
277.000000
295.000000
295.000000
295.000000
295.000000
277.000000
277.000000
295.000000
295.000000
295.000000
276.000000
276.000000
277.000000
276.000000
276.000000
276.000000
295.000000
295.000000
295.000000
295.000000
295.000000
295.000000
313.000000
295.000000
295.000000
295.000000
295.000000
295.000000
295.000000
277.000000
276.000000
295.000000
295.000000
295.000000
277.000000
294.000000
295.000000
276.000000
295.000000
295.000000
295.000000
295.000000
294.000000
294.000000
295.000000
276.000000
276.000000
295.000000
276.000000
277.000000
295.000000
295.000000
295.000000
295.000000
277.000000
276.000000
295.000000
294.000000
295.000000
294.000000
294.000000
295.000000
277.000000
277.000000
295.000000
295.000000
295.000000
277.000000
277.000000
276.000000
277.000000
276.000000
295.000000
276.000000
295.000000
294.000000
277.000000
295.000000
295.000000
295.000000
295.000000
295.000000
276.000000
295.000000
295.000000
295.000000
276.000000
277.000000
276.000000
294.000000
295.000000
295.000000
276.000000
295.000000
277.000000
276.000000
276.000000
276.000000
295.000000
277.000000
295.000000
276.000000
295.000000
276.000000
295.000000
277.000000
295.000000
277.000000
276.000000
295.000000
295.000000
295.000000
295.000000
277.000000
295.000000
276.000000
350.000000
313.000000
295.000000
295.000000
314.000000
277.000000
295.000000
295.000000
277.000000
295.000000
277.000000
295.000000
277.000000
295.000000
277.000000
350.000000
295.000000
295.000000
295.000000
295.000000
295.000000
294.000000
294.000000
276.000000
