424.000000
406.000000
424.000000
424.000000
406.000000
405.000000
443.000000
442.000000
424.000000
405.000000
443.000000
443.000000
424.000000
609.000000
424.000000
516.000000
424.000000
424.000000
442.000000
406.000000
424.000000
442.000000
424.000000
479.000000
424.000000
387.000000
443.000000
424.000000
424.000000
498.000000
424.000000
406.000000
424.000000
424.000000
424.000000
406.000000
443.000000
424.000000
443.000000
424.000000
424.000000
424.000000
442.000000
424.000000
497.000000
424.000000
424.000000
424.000000
406.000000
424.000000
406.000000
442.000000
442.000000
423.000000
424.000000
424.000000
424.000000
442.000000
443.000000
424.000000
442.000000
424.000000
424.000000
424.000000
424.000000
424.000000
424.000000
424.000000
443.000000
424.000000
442.000000
424.000000
424.000000
424.000000
406.000000
424.000000
424.000000
443.000000
424.000000
387.000000
424.000000
424.000000
424.000000
424.000000
424.000000
405.000000
424.000000
424.000000
424.000000
424.000000
424.000000
442.000000
424.000000
424.000000
461.000000
424.000000
424.000000
442.000000
405.000000
424.000000
534.000000
424.000000
424.000000
423.000000
424.000000
406.000000
424.000000
442.000000
424.000000
442.000000
424.000000
405.000000
461.000000
424.000000
442.000000
424.000000
406.000000
424.000000
424.000000
424.000000
424.000000
424.000000
424.000000
405.000000
424.000000
405.000000
424.000000
424.000000
388.000000
424.000000
405.000000
424.000000
424.000000
443.000000
424.000000
424.000000
424.000000
424.000000
443.000000
442.000000
424.000000
443.000000
443.000000
442.000000
442.000000
443.000000
405.000000
424.000000
424.000000
405.000000
405.000000
406.000000
443.000000
572.000000
461.000000
424.000000
424.000000
443.000000
498.000000
442.000000
461.000000
442.000000
423.000000
424.000000
424.000000
535.000000
442.000000
424.000000
442.000000
442.000000
442.000000
424.000000
424.000000
424.000000
442.000000
424.000000
423.000000
424.000000
442.000000
406.000000
424.000000
442.000000
443.000000
424.000000
442.000000
460.000000
461.000000
442.000000
406.000000
423.000000
442.000000
442.000000
424.000000
406.000000
442.000000
424.000000
424.000000
442.000000
443.000000
442.000000
