22653.000000
22487.000000
22690.000000
22505.000000
22745.000000
22782.000000
22930.000000
22727.000000
22598.000000
22672.000000
22561.000000
23040.000000
22524.000000
22561.000000
22524.000000
22561.000000
22543.000000
22671.000000
23612.000000
22930.000000
22727.000000
23077.000000
22856.000000
22543.000000
22543.000000
22524.000000
22893.000000
23040.000000
22801.000000
23078.000000
23151.000000
22966.000000
23409.000000
23077.000000
22395.000000
22432.000000
22709.000000
22782.000000
22985.000000
23095.000000
22967.000000
23132.000000
22893.000000
22856.000000
23280.000000
22782.000000
22616.000000
22505.000000
22764.000000
22487.000000
23059.000000
23096.000000
22985.000000
22487.000000
22616.000000
22468.000000
22524.000000
22672.000000
23335.000000
23077.000000
22432.000000
22690.000000
22579.000000
22856.000000
22929.000000
23022.000000
22930.000000
22967.000000
22948.000000
22837.000000
23059.000000
23409.000000
23022.000000
23003.000000
22893.000000
22561.000000
22358.000000
22893.000000
23151.000000
22524.000000
22469.000000
22580.000000
22745.000000
22690.000000
23133.000000
22893.000000
22450.000000
22561.000000
22580.000000
22856.000000
22782.000000
23003.000000
22911.000000
23096.000000
22893.000000
23022.000000
23169.000000
22727.000000
26174.000000
22727.000000
22616.000000
22543.000000
23059.000000
22745.000000
22487.000000
22929.000000
23206.000000
22911.000000
22911.000000
23059.000000
23095.000000
23354.000000
22930.000000
23022.000000
22966.000000
22617.000000
22893.000000
22634.000000
22671.000000
22505.000000
22726.000000
22654.000000
22432.000000
22782.000000
22598.000000
22450.000000
22469.000000
22856.000000
22874.000000
22708.000000
23040.000000
22911.000000
23022.000000
22893.000000
23114.000000
23096.000000
22819.000000
22488.000000
22745.000000
22524.000000
22819.000000
22856.000000
23151.000000
22948.000000
23132.000000
23261.000000
22967.000000
23206.000000
23409.000000
22856.000000
22505.000000
23261.000000
23169.000000
23206.000000
23133.000000
22893.000000
22746.000000
22800.000000
23114.000000
22985.000000
23224.000000
23151.000000
23298.000000
22966.000000
22837.000000
22635.000000
22487.000000
22782.000000
23040.000000
22930.000000
23169.000000
22875.000000
23003.000000
23151.000000
23003.000000
26377.000000
22893.000000
22929.000000
22690.000000
22672.000000
22856.000000
23243.000000
22967.000000
23095.000000
22930.000000
23003.000000
23004.000000
23336.000000
23224.000000
22893.000000
23003.000000
22690.000000
22967.000000
22727.000000
23114.000000
22469.000000
23077.000000
22672.000000
22929.000000
22451.000000
