46081.000000
46265.000000
46431.000000
46320.000000
45748.000000
46430.000000
44920.000000
46339.000000
45841.000000
46615.000000
46394.000000
45306.000000
46246.000000
46615.000000
46228.000000
46486.000000
46375.000000
45897.000000
44919.000000
44882.000000
45804.000000
44974.000000
45048.000000
46338.000000
45841.000000
45860.000000
45657.000000
45674.000000
45582.000000
45454.000000
45491.000000
45325.000000
45011.000000
44993.000000
45785.000000
45951.000000
46412.000000
45730.000000
45435.000000
44846.000000
45767.000000
45601.000000
45435.000000
44975.000000
45399.000000
46320.000000
46413.000000
45988.000000
46228.000000
45915.000000
45361.000000
45509.000000
44845.000000
46098.000000
46670.000000
46430.000000
45749.000000
45435.000000
45380.000000
45344.000000
45878.000000
45933.000000
45823.000000
45878.000000
45472.000000
44919.000000
45619.000000
45251.000000
45361.000000
44956.000000
45362.000000
45325.000000
44974.000000
44937.000000
45398.000000
45767.000000
46320.000000
45398.000000
45454.000000
46043.000000
46062.000000
45840.000000
46284.000000
45731.000000
46413.000000
45804.000000
46302.000000
45859.000000
46615.000000
46357.000000
45915.000000
46376.000000
45675.000000
45619.000000
45269.000000
44901.000000
45435.000000
46541.000000
46338.000000
45804.000000
45693.000000
45785.000000
44901.000000
46320.000000
45878.000000
45103.000000
45233.000000
45417.000000
45012.000000
44827.000000
45546.000000
44864.000000
45509.000000
45417.000000
45509.000000
45841.000000
45786.000000
45840.000000
46800.000000
46302.000000
46615.000000
46301.000000
45823.000000
45749.000000
45859.000000
45693.000000
46412.000000
45749.000000
44864.000000
45859.000000
45307.000000
45361.000000
45196.000000
45049.000000
45417.000000
45509.000000
45730.000000
46302.000000
45859.000000
45914.000000
45841.000000
44901.000000
45324.000000
45361.000000
45233.000000
45582.000000
44956.000000
45325.000000
46302.000000
46209.000000
46339.000000
44771.000000
45417.000000
44809.000000
45453.000000
44992.000000
46376.000000
45878.000000
45196.000000
45472.000000
44974.000000
45601.000000
44771.000000
45380.000000
44808.000000
46338.000000
46265.000000
46265.000000
45380.000000
45085.000000
45620.000000
45122.000000
44772.000000
44883.000000
45767.000000
45822.000000
45454.000000
45472.000000
45730.000000
45896.000000
45362.000000
44901.000000
45251.000000
45158.000000
45988.000000
45307.000000
45048.000000
44937.000000
44901.000000
45435.000000
44753.000000
45823.000000
45380.000000
45730.000000
44974.000000
45712.000000
45177.000000
45767.000000
45398.000000
44975.000000
