5548.000000
5770.000000
5659.000000
5824.000000
5695.000000
5640.000000
5806.000000
5714.000000
5732.000000
5714.000000
5585.000000
5843.000000
5622.000000
5695.000000
5640.000000
5714.000000
5548.000000
5751.000000
5806.000000
5677.000000
5935.000000
5824.000000
5696.000000
5751.000000
5604.000000
5696.000000
5806.000000
5861.000000
5714.000000
5862.000000
5659.000000
5972.000000
5677.000000
5953.000000
5696.000000
5604.000000
5641.000000
5751.000000
5677.000000
5880.000000
5714.000000
5862.000000
5824.000000
5677.000000
5880.000000
5566.000000
5714.000000
5585.000000
5714.000000
5677.000000
5861.000000
5788.000000
5714.000000
5714.000000
5585.000000
5714.000000
5751.000000
5714.000000
5732.000000
5898.000000
5714.000000
5695.000000
5566.000000
5751.000000
5714.000000
5898.000000
5861.000000
5824.000000
5677.000000
5880.000000
5733.000000
5898.000000
5677.000000
5862.000000
5659.000000
6599.000000
5604.000000
5824.000000
5714.000000
5750.000000
5566.000000
5714.000000
5585.000000
5769.000000
5603.000000
5659.000000
5677.000000
5770.000000
5585.000000
5770.000000
5585.000000
5843.000000
5714.000000
5861.000000
5714.000000
5880.000000
5788.000000
5732.000000
5677.000000
5658.000000
5750.000000
5880.000000
5899.000000
5603.000000
5751.000000
5862.000000
5788.000000
5862.000000
5806.000000
5658.000000
5825.000000
5898.000000
5658.000000
5843.000000
5658.000000
5585.000000
5788.000000
5659.000000
5751.000000
5567.000000
5714.000000
5658.000000
5677.000000
5714.000000
5733.000000
5732.000000
5603.000000
5787.000000
5824.000000
5751.000000
5843.000000
5714.000000
5880.000000
5677.000000
5898.000000
5751.000000
5714.000000
5584.000000
5769.000000
5585.000000
5806.000000
5677.000000
5917.000000
5733.000000
5640.000000
5861.000000
5713.000000
6119.000000
5770.000000
5732.000000
5603.000000
5843.000000
5659.000000
5825.000000
5733.000000
5714.000000
5732.000000
5677.000000
5843.000000
5732.000000
5806.000000
5677.000000
5862.000000
5695.000000
5806.000000
5695.000000
5604.000000
5696.000000
5898.000000
5787.000000
5953.000000
5824.000000
5861.000000
5714.000000
5843.000000
5732.000000
5640.000000
5843.000000
6027.000000
5603.000000
5733.000000
5899.000000
5695.000000
5879.000000
5714.000000
5898.000000
5640.000000
5880.000000
5677.000000
5677.000000
5825.000000
5732.000000
5714.000000
5733.000000
5751.000000
5714.000000
5640.000000
5659.000000
5750.000000
5622.000000
