184.000000
184.000000
184.000000
166.000000
202.000000
184.000000
203.000000
221.000000
184.000000
184.000000
166.000000
184.000000
147.000000
166.000000
184.000000
184.000000
185.000000
166.000000
222.000000
203.000000
295.000000
203.000000
203.000000
203.000000
166.000000
185.000000
203.000000
203.000000
202.000000
221.000000
203.000000
202.000000
202.000000
258.000000
202.000000
184.000000
184.000000
184.000000
166.000000
221.000000
203.000000
203.000000
221.000000
203.000000
203.000000
203.000000
184.000000
184.000000
184.000000
184.000000
221.000000
203.000000
203.000000
166.000000
203.000000
166.000000
203.000000
184.000000
203.000000
203.000000
203.000000
184.000000
184.000000
165.000000
166.000000
221.000000
203.000000
203.000000
221.000000
221.000000
203.000000
221.000000
221.000000
202.000000
184.000000
203.000000
185.000000
185.000000
221.000000
184.000000
185.000000
184.000000
184.000000
166.000000
166.000000
166.000000
185.000000
184.000000
165.000000
185.000000
202.000000
203.000000
221.000000
203.000000
202.000000
202.000000
202.000000
202.000000
203.000000
185.000000
185.000000
185.000000
184.000000
221.000000
202.000000
203.000000
203.000000
258.000000
203.000000
203.000000
202.000000
203.000000
221.000000
203.000000
203.000000
203.000000
166.000000
184.000000
166.000000
185.000000
166.000000
166.000000
184.000000
185.000000
202.000000
185.000000
203.000000
166.000000
185.000000
202.000000
203.000000
203.000000
202.000000
203.000000
203.000000
203.000000
203.000000
184.000000
184.000000
184.000000
184.000000
203.000000
203.000000
203.000000
203.000000
202.000000
203.000000
203.000000
203.000000
166.000000
166.000000
184.000000
203.000000
203.000000
203.000000
203.000000
166.000000
203.000000
202.000000
221.000000
202.000000
203.000000
203.000000
203.000000
203.000000
202.000000
185.000000
185.000000
184.000000
202.000000
203.000000
202.000000
221.000000
203.000000
203.000000
184.000000
166.000000
203.000000
203.000000
184.000000
203.000000
221.000000
202.000000
203.000000
203.000000
221.000000
203.000000
203.000000
203.000000
202.000000
202.000000
203.000000
184.000000
221.000000
166.000000
221.000000
221.000000
221.000000
221.000000
222.000000
