11631.000000
11575.000000
11613.000000
11575.000000
11575.000000
11594.000000
11317.000000
11336.000000
11575.000000
11741.000000
11557.000000
11299.000000
11612.000000
11668.000000
11612.000000
11741.000000
11557.000000
11723.000000
11409.000000
11262.000000
11538.000000
11354.000000
11373.000000
11649.000000
11888.000000
11521.000000
11317.000000
11280.000000
11336.000000
11391.000000
11372.000000
11391.000000
11372.000000
11280.000000
11815.000000
11649.000000
11557.000000
11760.000000
11335.000000
11428.000000
11299.000000
11464.000000
11409.000000
11354.000000
11317.000000
11631.000000
11575.000000
11575.000000
11520.000000
11557.000000
11428.000000
11317.000000
11373.000000
11557.000000
11575.000000
11575.000000
11631.000000
11594.000000
11372.000000
11317.000000
11612.000000
11704.000000
11576.000000
11686.000000
11355.000000
11354.000000
11336.000000
11354.000000
11354.000000
11391.000000
11355.000000
11354.000000
11317.000000
11428.000000
11410.000000
11501.000000
11631.000000
11243.000000
11299.000000
11557.000000
11576.000000
11594.000000
11705.000000
11667.000000
11594.000000
11575.000000
11575.000000
11576.000000
11576.000000
11631.000000
11557.000000
11391.000000
11447.000000
11244.000000
11262.000000
11336.000000
11391.000000
11299.000000
11557.000000
11538.000000
11852.000000
11612.000000
11225.000000
11667.000000
11630.000000
11299.000000
11354.000000
11299.000000
11410.000000
11336.000000
11336.000000
11317.000000
11281.000000
11650.000000
11299.000000
11501.000000
11575.000000
11520.000000
11686.000000
11594.000000
11483.000000
11557.000000
11649.000000
11741.000000
11538.000000
11520.000000
11557.000000
11667.000000
11409.000000
11575.000000
11372.000000
11317.000000
11354.000000
11354.000000
11409.000000
11318.000000
11594.000000
11539.000000
11650.000000
11575.000000
11742.000000
11409.000000
11373.000000
11354.000000
11354.000000
11354.000000
11336.000000
11465.000000
11336.000000
11668.000000
11594.000000
11852.000000
11318.000000
11243.000000
11336.000000
11335.000000
11686.000000
11428.000000
11299.000000
11354.000000
11446.000000
11317.000000
11298.000000
11354.000000
11668.000000
11539.000000
11520.000000
11575.000000
11281.000000
11391.000000
11336.000000
11336.000000
11428.000000
11373.000000
11244.000000
11538.000000
11520.000000
15428.000000
11483.000000
11612.000000
11464.000000
11336.000000
11206.000000
11280.000000
11354.000000
11318.000000
11317.000000
11262.000000
11373.000000
11355.000000
11704.000000
11520.000000
11299.000000
11631.000000
11410.000000
11612.000000
11447.000000
11889.000000
11483.000000
11428.000000
