774.000000
811.000000
792.000000
811.000000
811.000000
792.000000
811.000000
811.000000
792.000000
792.000000
848.000000
774.000000
829.000000
793.000000
811.000000
793.000000
811.000000
792.000000
774.000000
756.000000
756.000000
829.000000
977.000000
811.000000
811.000000
811.000000
811.000000
792.000000
829.000000
811.000000
866.000000
793.000000
829.000000
830.000000
848.000000
792.000000
774.000000
793.000000
811.000000
811.000000
793.000000
811.000000
830.000000
775.000000
774.000000
811.000000
793.000000
793.000000
811.000000
811.000000
830.000000
811.000000
811.000000
793.000000
793.000000
811.000000
792.000000
774.000000
756.000000
793.000000
774.000000
774.000000
792.000000
830.000000
811.000000
793.000000
811.000000
793.000000
793.000000
940.000000
811.000000
811.000000
811.000000
774.000000
792.000000
774.000000
811.000000
792.000000
885.000000
811.000000
793.000000
811.000000
793.000000
793.000000
792.000000
792.000000
829.000000
811.000000
811.000000
1309.000000
793.000000
792.000000
811.000000
792.000000
811.000000
811.000000
811.000000
793.000000
811.000000
811.000000
830.000000
793.000000
812.000000
811.000000
793.000000
774.000000
793.000000
793.000000
811.000000
792.000000
793.000000
793.000000
792.000000
811.000000
793.000000
792.000000
811.000000
792.000000
793.000000
774.000000
793.000000
811.000000
793.000000
811.000000
793.000000
792.000000
792.000000
867.000000
811.000000
792.000000
811.000000
811.000000
792.000000
811.000000
792.000000
830.000000
829.000000
811.000000
811.000000
793.000000
774.000000
811.000000
829.000000
755.000000
774.000000
996.000000
756.000000
811.000000
811.000000
793.000000
811.000000
774.000000
792.000000
774.000000
811.000000
793.000000
811.000000
830.000000
811.000000
1254.000000
793.000000
811.000000
792.000000
811.000000
811.000000
774.000000
793.000000
700.000000
811.000000
866.000000
811.000000
793.000000
774.000000
793.000000
811.000000
793.000000
793.000000
1327.000000
811.000000
811.000000
830.000000
793.000000
793.000000
792.000000
811.000000
792.000000
737.000000
848.000000
811.000000
756.000000
830.000000
811.000000
793.000000
829.000000
792.000000
811.000000
774.000000
792.000000
774.000000
792.000000
