829.000000
847.000000
848.000000
829.000000
903.000000
848.000000
811.000000
830.000000
792.000000
848.000000
884.000000
848.000000
829.000000
830.000000
848.000000
830.000000
829.000000
940.000000
829.000000
829.000000
848.000000
829.000000
811.000000
830.000000
829.000000
829.000000
848.000000
793.000000
829.000000
847.000000
793.000000
756.000000
848.000000
792.000000
848.000000
848.000000
959.000000
848.000000
829.000000
829.000000
811.000000
904.000000
811.000000
848.000000
829.000000
848.000000
848.000000
848.000000
829.000000
811.000000
830.000000
811.000000
848.000000
847.000000
848.000000
830.000000
830.000000
830.000000
830.000000
1032.000000
848.000000
830.000000
847.000000
830.000000
829.000000
829.000000
866.000000
848.000000
829.000000
792.000000
848.000000
830.000000
848.000000
848.000000
848.000000
848.000000
848.000000
793.000000
793.000000
830.000000
829.000000
829.000000
921.000000
848.000000
848.000000
922.000000
848.000000
811.000000
848.000000
867.000000
830.000000
811.000000
848.000000
848.000000
811.000000
848.000000
830.000000
811.000000
829.000000
848.000000
829.000000
866.000000
811.000000
847.000000
829.000000
829.000000
811.000000
811.000000
867.000000
848.000000
848.000000
1401.000000
848.000000
811.000000
811.000000
829.000000
867.000000
793.000000
829.000000
866.000000
830.000000
811.000000
811.000000
830.000000
848.000000
811.000000
811.000000
995.000000
829.000000
848.000000
848.000000
830.000000
848.000000
848.000000
866.000000
848.000000
848.000000
848.000000
848.000000
829.000000
811.000000
830.000000
793.000000
848.000000
848.000000
811.000000
848.000000
830.000000
830.000000
829.000000
830.000000
830.000000
848.000000
830.000000
829.000000
830.000000
866.000000
848.000000
830.000000
811.000000
829.000000
866.000000
829.000000
829.000000
829.000000
811.000000
867.000000
829.000000
811.000000
774.000000
848.000000
792.000000
829.000000
848.000000
848.000000
830.000000
830.000000
830.000000
830.000000
811.000000
793.000000
811.000000
848.000000
848.000000
848.000000
829.000000
829.000000
1327.000000
829.000000
792.000000
830.000000
829.000000
811.000000
830.000000
829.000000
811.000000
830.000000
793.000000
830.000000
830.000000
