792.000000
811.000000
774.000000
793.000000
811.000000
830.000000
811.000000
811.000000
811.000000
793.000000
792.000000
774.000000
811.000000
793.000000
830.000000
755.000000
774.000000
793.000000
792.000000
793.000000
811.000000
793.000000
774.000000
811.000000
756.000000
792.000000
811.000000
811.000000
811.000000
793.000000
792.000000
792.000000
774.000000
811.000000
829.000000
792.000000
811.000000
793.000000
793.000000
830.000000
811.000000
811.000000
774.000000
793.000000
811.000000
847.000000
829.000000
774.000000
756.000000
774.000000
884.000000
830.000000
811.000000
885.000000
811.000000
793.000000
792.000000
793.000000
793.000000
903.000000
792.000000
774.000000
829.000000
792.000000
811.000000
884.000000
811.000000
830.000000
792.000000
774.000000
829.000000
811.000000
811.000000
830.000000
774.000000
830.000000
792.000000
792.000000
829.000000
792.000000
793.000000
811.000000
1438.000000
792.000000
793.000000
811.000000
811.000000
830.000000
904.000000
904.000000
792.000000
885.000000
811.000000
811.000000
903.000000
866.000000
792.000000
774.000000
793.000000
792.000000
792.000000
793.000000
775.000000
793.000000
811.000000
829.000000
811.000000
793.000000
811.000000
793.000000
793.000000
775.000000
829.000000
774.000000
792.000000
793.000000
792.000000
811.000000
774.000000
811.000000
922.000000
774.000000
922.000000
811.000000
793.000000
793.000000
793.000000
793.000000
866.000000
793.000000
811.000000
774.000000
811.000000
811.000000
811.000000
885.000000
792.000000
737.000000
793.000000
793.000000
793.000000
774.000000
884.000000
774.000000
885.000000
793.000000
774.000000
830.000000
774.000000
774.000000
792.000000
793.000000
811.000000
811.000000
811.000000
848.000000
1051.000000
793.000000
811.000000
774.000000
811.000000
811.000000
829.000000
792.000000
811.000000
811.000000
792.000000
885.000000
774.000000
811.000000
793.000000
811.000000
793.000000
793.000000
811.000000
977.000000
775.000000
793.000000
811.000000
756.000000
793.000000
793.000000
811.000000
793.000000
774.000000
793.000000
811.000000
811.000000
811.000000
793.000000
774.000000
811.000000
719.000000
848.000000
774.000000
793.000000
792.000000
774.000000
793.000000
774.000000
