1014.000000
1014.000000
1013.000000
996.000000
1161.000000
996.000000
1014.000000
1013.000000
1161.000000
1014.000000
1124.000000
995.000000
995.000000
995.000000
1198.000000
1106.000000
1014.000000
1143.000000
995.000000
1014.000000
995.000000
995.000000
1032.000000
1014.000000
1014.000000
1014.000000
1014.000000
976.000000
995.000000
977.000000
996.000000
995.000000
995.000000
996.000000
1014.000000
996.000000
1087.000000
995.000000
995.000000
1033.000000
995.000000
1106.000000
1014.000000
1014.000000
995.000000
940.000000
996.000000
995.000000
1014.000000
1088.000000
995.000000
1014.000000
1014.000000
995.000000
1013.000000
1014.000000
1032.000000
995.000000
1014.000000
1014.000000
996.000000
996.000000
1014.000000
996.000000
977.000000
1014.000000
977.000000
995.000000
1014.000000
1013.000000
996.000000
995.000000
1014.000000
996.000000
1014.000000
995.000000
1014.000000
996.000000
1033.000000
1033.000000
995.000000
996.000000
996.000000
1014.000000
1014.000000
996.000000
1014.000000
977.000000
1032.000000
1014.000000
977.000000
995.000000
1013.000000
977.000000
995.000000
1327.000000
1014.000000
1032.000000
996.000000
1014.000000
996.000000
995.000000
1013.000000
996.000000
996.000000
1014.000000
996.000000
1032.000000
995.000000
1013.000000
996.000000
995.000000
1013.000000
1013.000000
1069.000000
995.000000
995.000000
1013.000000
1014.000000
996.000000
977.000000
1014.000000
996.000000
1032.000000
995.000000
1033.000000
1032.000000
1014.000000
1161.000000
1014.000000
1014.000000
1216.000000
1032.000000
995.000000
996.000000
1014.000000
1014.000000
1014.000000
1014.000000
1014.000000
1013.000000
995.000000
995.000000
1013.000000
1014.000000
996.000000
1014.000000
1106.000000
1014.000000
996.000000
996.000000
1991.000000
1032.000000
1014.000000
1014.000000
996.000000
1013.000000
995.000000
995.000000
1032.000000
995.000000
1014.000000
1014.000000
1014.000000
1013.000000
977.000000
1143.000000
1014.000000
1013.000000
977.000000
1014.000000
1106.000000
1032.000000
1032.000000
1014.000000
1014.000000
1014.000000
995.000000
977.000000
1032.000000
996.000000
1013.000000
1032.000000
1972.000000
1032.000000
1032.000000
996.000000
995.000000
1014.000000
995.000000
1013.000000
1014.000000
1143.000000
1013.000000
996.000000
977.000000
1014.000000
996.000000
995.000000
1014.000000
