10949.000000
10912.000000
11133.000000
11115.000000
11077.000000
10875.000000
11059.000000
10856.000000
10893.000000
11815.000000
10451.000000
11520.000000
11022.000000
12202.000000
10967.000000
11169.000000
10948.000000
11097.000000
11023.000000
11225.000000
11004.000000
11096.000000
10802.000000
10875.000000
11059.000000
10912.000000
11870.000000
11188.000000
12054.000000
11133.000000
10875.000000
11059.000000
10986.000000
11538.000000
11041.000000
11078.000000
11023.000000
12718.000000
11207.000000
10894.000000
10912.000000
11022.000000
11188.000000
10949.000000
11078.000000
10985.000000
10986.000000
10911.000000
10893.000000
11096.000000
10985.000000
14082.000000
11078.000000
11041.000000
10949.000000
10930.000000
10875.000000
11041.000000
10949.000000
11004.000000
10911.000000
10948.000000
10967.000000
10931.000000
10967.000000
11096.000000
11115.000000
11226.000000
11188.000000
10875.000000
11059.000000
10894.000000
11022.000000
10893.000000
10930.000000
11907.000000
10875.000000
11004.000000
10967.000000
10949.000000
10948.000000
10985.000000
11041.000000
11060.000000
11096.000000
11022.000000
11114.000000
11059.000000
10875.000000
11023.000000
10912.000000
10912.000000
11188.000000
10857.000000
10949.000000
11096.000000
11004.000000
11004.000000
10986.000000
11096.000000
10893.000000
11096.000000
10986.000000
11133.000000
10912.000000
11004.000000
10912.000000
11096.000000
10838.000000
11060.000000
11133.000000
10985.000000
10838.000000
10986.000000
11059.000000
11040.000000
10857.000000
10912.000000
10949.000000
11152.000000
10931.000000
11022.000000
10948.000000
11041.000000
10912.000000
11133.000000
11668.000000
10894.000000
11115.000000
11041.000000
10985.000000
11170.000000
11133.000000
11133.000000
11169.000000
10949.000000
10967.000000
10967.000000
11078.000000
10875.000000
10838.000000
11096.000000
10875.000000
11059.000000
10930.000000
11188.000000
10948.000000
11041.000000
10986.000000
10949.000000
10875.000000
10838.000000
10912.000000
10967.000000
10911.000000
10967.000000
11041.000000
11041.000000
10967.000000
10948.000000
10912.000000
10893.000000
10894.000000
10912.000000
10985.000000
11022.000000
11078.000000
12792.000000
11133.000000
11004.000000
10985.000000
11023.000000
11409.000000
10930.000000
11060.000000
10912.000000
11004.000000
10967.000000
10949.000000
10893.000000
10968.000000
11170.000000
10967.000000
11207.000000
10894.000000
11023.000000
11115.000000
10875.000000
11023.000000
11833.000000
10985.000000
11022.000000
15685.000000
11115.000000
11022.000000
10948.000000
11114.000000
11096.000000
11022.000000
10967.000000
