922.000000
903.000000
885.000000
959.000000
885.000000
903.000000
903.000000
884.000000
885.000000
903.000000
885.000000
903.000000
884.000000
904.000000
903.000000
903.000000
904.000000
903.000000
885.000000
885.000000
885.000000
903.000000
885.000000
903.000000
885.000000
903.000000
1014.000000
885.000000
885.000000
884.000000
903.000000
885.000000
903.000000
904.000000
885.000000
903.000000
885.000000
885.000000
903.000000
977.000000
903.000000
903.000000
867.000000
885.000000
903.000000
903.000000
885.000000
904.000000
903.000000
1253.000000
885.000000
903.000000
903.000000
903.000000
903.000000
904.000000
866.000000
884.000000
885.000000
904.000000
922.000000
885.000000
885.000000
903.000000
903.000000
866.000000
977.000000
977.000000
903.000000
903.000000
1014.000000
866.000000
1014.000000
904.000000
885.000000
903.000000
903.000000
903.000000
885.000000
885.000000
885.000000
885.000000
903.000000
1087.000000
903.000000
884.000000
885.000000
903.000000
885.000000
885.000000
904.000000
885.000000
885.000000
867.000000
1069.000000
884.000000
977.000000
977.000000
903.000000
904.000000
884.000000
884.000000
848.000000
885.000000
903.000000
976.000000
885.000000
1032.000000
884.000000
885.000000
922.000000
977.000000
903.000000
903.000000
885.000000
867.000000
903.000000
904.000000
885.000000
995.000000
904.000000
903.000000
904.000000
903.000000
885.000000
885.000000
1088.000000
922.000000
903.000000
1014.000000
1070.000000
977.000000
903.000000
884.000000
903.000000
884.000000
884.000000
903.000000
903.000000
884.000000
884.000000
903.000000
885.000000
1032.000000
885.000000
995.000000
884.000000
903.000000
884.000000
903.000000
903.000000
903.000000
867.000000
885.000000
921.000000
922.000000
903.000000
977.000000
885.000000
903.000000
977.000000
903.000000
1032.000000
903.000000
903.000000
904.000000
903.000000
866.000000
959.000000
885.000000
903.000000
904.000000
885.000000
885.000000
885.000000
996.000000
903.000000
885.000000
903.000000
885.000000
885.000000
977.000000
1014.000000
885.000000
903.000000
866.000000
885.000000
903.000000
977.000000
866.000000
885.000000
903.000000
885.000000
904.000000
885.000000
1217.000000
867.000000
903.000000
903.000000
885.000000
