3263.000000
3299.000000
3299.000000
3078.000000
3336.000000
3208.000000
3262.000000
3207.000000
3244.000000
3060.000000
3336.000000
3096.000000
3226.000000
3079.000000
3244.000000
3244.000000
3208.000000
3208.000000
3318.000000
3059.000000
3134.000000
3226.000000
3225.000000
3023.000000
3244.000000
3096.000000
3188.000000
3226.000000
3263.000000
3189.000000
3244.000000
3170.000000
3889.000000
3115.000000
4423.000000
3060.000000
4055.000000
3207.000000
3207.000000
3041.000000
3189.000000
3429.000000
3134.000000
3078.000000
3096.000000
3262.000000
3300.000000
3300.000000
3355.000000
3189.000000
3262.000000
3189.000000
3207.000000
3299.000000
3189.000000
3262.000000
3152.000000
3225.000000
3226.000000
3170.000000
3281.000000
3078.000000
3170.000000
3208.000000
3225.000000
3152.000000
3189.000000
3188.000000
3392.000000
3171.000000
3170.000000
4074.000000
3151.000000
3189.000000
3152.000000
3281.000000
3262.000000
3262.000000
3207.000000
3318.000000
3152.000000
3189.000000
3151.000000
3226.000000
3207.000000
3171.000000
3189.000000
3300.000000
3244.000000
3189.000000
3318.000000
3078.000000
3244.000000
3281.000000
3263.000000
3392.000000
3189.000000
3060.000000
3188.000000
3244.000000
3244.000000
3207.000000
3189.000000
3152.000000
3226.000000
3171.000000
3226.000000
3244.000000
3097.000000
3078.000000
3226.000000
3133.000000
3226.000000
3226.000000
3466.000000
3079.000000
3207.000000
3189.000000
3171.000000
3207.000000
3281.000000
3281.000000
3244.000000
3078.000000
3189.000000
3207.000000
3208.000000
3133.000000
3225.000000
3207.000000
3300.000000
3207.000000
3225.000000
3263.000000
3318.000000
3059.000000
3188.000000
3244.000000
3207.000000
3244.000000
3299.000000
3189.000000
3078.000000
3262.000000
3171.000000
3207.000000
3078.000000
3207.000000
3189.000000
3244.000000
3244.000000
3208.000000
3207.000000
3318.000000
3263.000000
3300.000000
3152.000000
3097.000000
3170.000000
3097.000000
3226.000000
3133.000000
3189.000000
3060.000000
3189.000000
3465.000000
3355.000000
3226.000000
3226.000000
3226.000000
3170.000000
4111.000000
3208.000000
3208.000000
3244.000000
3170.000000
3171.000000
3262.000000
3299.000000
3318.000000
3097.000000
3207.000000
3115.000000
3208.000000
3207.000000
3225.000000
3188.000000
3188.000000
2986.000000
3078.000000
3023.000000
3373.000000
3171.000000
3188.000000
3060.000000
3207.000000
3134.000000
3152.000000
3188.000000
3208.000000
