1861.000000
2968.000000
2028.000000
1954.000000
1806.000000
1899.000000
2506.000000
1807.000000
2673.000000
2009.000000
1917.000000
2009.000000
2009.000000
2064.000000
1861.000000
1898.000000
1880.000000
1880.000000
1880.000000
1880.000000
2028.000000
1972.000000
1788.000000
2138.000000
1861.000000
1991.000000
1990.000000
1899.000000
1862.000000
2027.000000
1825.000000
1991.000000
2009.000000
1898.000000
1880.000000
1825.000000
1917.000000
2009.000000
1880.000000
1880.000000
1880.000000
2065.000000
1898.000000
2009.000000
1880.000000
1862.000000
2027.000000
2322.000000
1825.000000
1899.000000
1899.000000
2046.000000
1824.000000
1880.000000
1899.000000
1825.000000
1881.000000
1824.000000
1899.000000
1880.000000
1898.000000
1880.000000
1991.000000
1880.000000
1862.000000
1861.000000
1825.000000
1880.000000
1843.000000
1825.000000
1862.000000
1880.000000
1843.000000
1880.000000
1825.000000
1843.000000
1899.000000
1880.000000
2028.000000
1862.000000
1917.000000
1880.000000
1806.000000
1807.000000
1880.000000
1917.000000
2009.000000
1898.000000
1881.000000
1806.000000
1880.000000
1843.000000
1843.000000
1843.000000
1825.000000
1843.000000
1880.000000
1806.000000
2341.000000
1862.000000
1862.000000
1862.000000
1862.000000
2046.000000
1844.000000
1844.000000
1862.000000
1898.000000
2101.000000
1843.000000
1806.000000
1899.000000
1824.000000
1899.000000
1843.000000
1806.000000
1861.000000
1843.000000
1880.000000
1862.000000
1899.000000
1843.000000
1917.000000
1972.000000
1880.000000
1917.000000
1825.000000
1862.000000
1862.000000
1862.000000
1843.000000
1880.000000
1807.000000
2028.000000
1862.000000
1862.000000
1917.000000
1843.000000
1917.000000
1880.000000
1917.000000
1880.000000
1843.000000
1861.000000
1880.000000
1862.000000
1880.000000
1917.000000
1824.000000
2672.000000
1898.000000
1917.000000
1806.000000
1825.000000
1880.000000
1843.000000
1825.000000
1899.000000
1861.000000
1825.000000
1862.000000
1880.000000
1862.000000
1843.000000
1843.000000
1806.000000
1880.000000
1917.000000
1881.000000
2009.000000
1806.000000
1899.000000
1990.000000
1806.000000
1825.000000
1880.000000
1917.000000
1880.000000
1806.000000
1880.000000
1861.000000
1899.000000
1788.000000
1862.000000
1824.000000
1972.000000
1880.000000
1807.000000
1880.000000
1862.000000
1880.000000
1917.000000
1881.000000
1972.000000
1862.000000
1880.000000
1880.000000
1899.000000
2968.000000
1899.000000
