1253.000000
1235.000000
1419.000000
1254.000000
1254.000000
1253.000000
1217.000000
1456.000000
1272.000000
1235.000000
1198.000000
1327.000000
1253.000000
1235.000000
1254.000000
1290.000000
1346.000000
1235.000000
1364.000000
1235.000000
1327.000000
1254.000000
1235.000000
1438.000000
1235.000000
1419.000000
1235.000000
1234.000000
1291.000000
1254.000000
1253.000000
1271.000000
1254.000000
1216.000000
1235.000000
1272.000000
1253.000000
1401.000000
1253.000000
1254.000000
1235.000000
1235.000000
1234.000000
1217.000000
1235.000000
1254.000000
1364.000000
1272.000000
1216.000000
1235.000000
1216.000000
1235.000000
1253.000000
1235.000000
1254.000000
1345.000000
1253.000000
1235.000000
1216.000000
1235.000000
1235.000000
1235.000000
1253.000000
1235.000000
1198.000000
1272.000000
1253.000000
1253.000000
1235.000000
1272.000000
1235.000000
1235.000000
1253.000000
1253.000000
1235.000000
1254.000000
1254.000000
1272.000000
1327.000000
1235.000000
1235.000000
1217.000000
1309.000000
1254.000000
1254.000000
1364.000000
1235.000000
1217.000000
1253.000000
1272.000000
1235.000000
1216.000000
1235.000000
2249.000000
1253.000000
1253.000000
1272.000000
1272.000000
1235.000000
1235.000000
1235.000000
1235.000000
1235.000000
1253.000000
1253.000000
1235.000000
1235.000000
1217.000000
1272.000000
1235.000000
1253.000000
1253.000000
1235.000000
1235.000000
1254.000000
1253.000000
1235.000000
1253.000000
1254.000000
1235.000000
1235.000000
1253.000000
1235.000000
1253.000000
1235.000000
1254.000000
1254.000000
1254.000000
1235.000000
2083.000000
1216.000000
1254.000000
1216.000000
1235.000000
1235.000000
1235.000000
1382.000000
1217.000000
1253.000000
1254.000000
1253.000000
1235.000000
1235.000000
1198.000000
1235.000000
1235.000000
1235.000000
1253.000000
1235.000000
1235.000000
1272.000000
1291.000000
1235.000000
1235.000000
1253.000000
1235.000000
1235.000000
1235.000000
1254.000000
1235.000000
1217.000000
1254.000000
1235.000000
1272.000000
1217.000000
1235.000000
1254.000000
1254.000000
1272.000000
1345.000000
1253.000000
1254.000000
1271.000000
1254.000000
1272.000000
1253.000000
1271.000000
1253.000000
1272.000000
1235.000000
1235.000000
1272.000000
1272.000000
1216.000000
1216.000000
1253.000000
1216.000000
1254.000000
1235.000000
1254.000000
1216.000000
1217.000000
1235.000000
1272.000000
1235.000000
1272.000000
1235.000000
1235.000000
1254.000000
1253.000000
