17105.000000
16276.000000
15796.000000
21915.000000
16570.000000
18653.000000
16533.000000
17529.000000
16312.000000
20644.000000
23501.000000
20736.000000
23446.000000
20128.000000
18764.000000
16663.000000
17049.000000
16608.000000
21953.000000
17363.000000
16073.000000
17990.000000
16349.000000
17474.000000
16386.000000
16350.000000
18488.000000
16589.000000
16018.000000
19612.000000
17787.000000
15759.000000
19244.000000
18487.000000
16608.000000
16810.000000
16349.000000
21124.000000
22377.000000
18156.000000
19981.000000
16534.000000
19686.000000
21012.000000
16755.000000
16571.000000
15907.000000
15944.000000
16625.000000
15833.000000
19225.000000
16792.000000
16221.000000
16350.000000
16810.000000
20478.000000
18801.000000
18801.000000
17418.000000
16921.000000
16147.000000
20644.000000
18764.000000
18488.000000
17806.000000
21824.000000
16847.000000
16681.000000
16497.000000
16976.000000
16608.000000
16829.000000
16682.000000
17289.000000
17934.000000
17326.000000
16755.000000
23316.000000
20718.000000
20275.000000
22137.000000
15852.000000
16239.000000
16570.000000
16865.000000
20294.000000
18838.000000
15907.000000
16681.000000
16368.000000
15907.000000
20313.000000
22690.000000
16036.000000
15907.000000
16810.000000
17363.000000
16700.000000
16792.000000
17861.000000
17898.000000
18617.000000
18045.000000
19445.000000
17971.000000
16663.000000
16073.000000
20275.000000
16736.000000
17290.000000
16976.000000
17271.000000
16294.000000
17068.000000
21990.000000
16773.000000
16920.000000
17474.000000
17824.000000
20146.000000
16607.000000
15999.000000
20350.000000
19409.000000
17842.000000
18248.000000
22008.000000
15797.000000
16238.000000
16221.000000
16423.000000
16626.000000
17455.000000
20442.000000
15594.000000
23409.000000
19151.000000
20736.000000
22358.000000
16736.000000
16386.000000
15815.000000
16497.000000
15815.000000
16478.000000
16368.000000
22542.000000
16054.000000
16479.000000
16865.000000
17363.000000
18082.000000
16754.000000
16552.000000
16921.000000
16091.000000
16018.000000
16829.000000
17455.000000
17344.000000
16607.000000
16036.000000
16699.000000
18193.000000
17861.000000
16258.000000
15888.000000
16258.000000
22119.000000
19501.000000
18100.000000
20828.000000
18875.000000
18174.000000
18451.000000
17013.000000
17456.000000
16939.000000
16220.000000
16387.000000
16386.000000
16644.000000
16994.000000
16737.000000
16570.000000
18801.000000
18211.000000
17418.000000
16811.000000
16957.000000
22819.000000
16257.000000
19851.000000
19870.000000
18322.000000
17547.000000
18008.000000
17842.000000
17566.000000
17898.000000
