15243.000000
15446.000000
15409.000000
15391.000000
15465.000000
15189.000000
15152.000000
15336.000000
15391.000000
15354.000000
15372.000000
15391.000000
15391.000000
15427.000000
15354.000000
15022.000000
15428.000000
15281.000000
15428.000000
15428.000000
15427.000000
15391.000000
15354.000000
15354.000000
15317.000000
16091.000000
15354.000000
15372.000000
15354.000000
15298.000000
15225.000000
15427.000000
15409.000000
14414.000000
15336.000000
15409.000000
15391.000000
10894.000000
15446.000000
15354.000000
15354.000000
15373.000000
15428.000000
15391.000000
-984554.000000
14599.000000
15428.000000
15391.000000
15373.000000
15483.000000
15464.000000
15427.000000
15373.000000
15428.000000
15446.000000
15484.000000
15409.000000
15483.000000
15446.000000
15520.000000
15262.000000
15391.000000
15409.000000
15464.000000
15446.000000
15538.000000
15447.000000
15447.000000
15409.000000
15428.000000
15465.000000
15446.000000
15428.000000
15427.000000
15410.000000
15483.000000
15447.000000
15464.000000
-984572.000000
15373.000000
15427.000000
15373.000000
15409.000000
15372.000000
15428.000000
15465.000000
15410.000000
15464.000000
15446.000000
15391.000000
15447.000000
15409.000000
15446.000000
15428.000000
15373.000000
15373.000000
15372.000000
15391.000000
15409.000000
14948.000000
15428.000000
15151.000000
15409.000000
15465.000000
15428.000000
15410.000000
15372.000000
15464.000000
15428.000000
15410.000000
15483.000000
15428.000000
15483.000000
15428.000000
15446.000000
-984536.000000
15040.000000
15465.000000
15483.000000
15446.000000
15391.000000
15409.000000
15483.000000
15427.000000
15465.000000
15464.000000
15428.000000
15483.000000
15372.000000
15409.000000
15446.000000
15428.000000
15428.000000
15428.000000
15465.000000
15391.000000
15391.000000
15409.000000
15428.000000
15409.000000
15520.000000
15465.000000
15446.000000
15483.000000
15410.000000
15372.000000
15447.000000
15280.000000
15390.000000
15483.000000
15409.000000
15409.000000
15391.000000
14727.000000
15409.000000
15373.000000
15409.000000
15446.000000
15465.000000
15391.000000
15427.000000
15446.000000
15317.000000
15317.000000
15428.000000
15427.000000
14986.000000
15447.000000
15428.000000
15447.000000
15409.000000
15409.000000
15427.000000
15446.000000
15447.000000
15428.000000
15372.000000
15244.000000
15428.000000
15409.000000
15427.000000
15446.000000
15446.000000
15409.000000
15428.000000
15409.000000
15410.000000
15354.000000
15446.000000
15391.000000
15501.000000
15428.000000
15427.000000
15391.000000
15446.000000
15409.000000
15447.000000
15391.000000
15428.000000
15464.000000
