14027.000000
14119.000000
14193.000000
14026.000000
14100.000000
13842.000000
13879.000000
14064.000000
14027.000000
14101.000000
14138.000000
14137.000000
14174.000000
14138.000000
14156.000000
14193.000000
14083.000000
14156.000000
14137.000000
14119.000000
14100.000000
14045.000000
14082.000000
14211.000000
14174.000000
14082.000000
14119.000000
14119.000000
14156.000000
14119.000000
14119.000000
14119.000000
14174.000000
14137.000000
14193.000000
14082.000000
14137.000000
14138.000000
14156.000000
14119.000000
14137.000000
14138.000000
14137.000000
14137.000000
14119.000000
14119.000000
13658.000000
14156.000000
14175.000000
14082.000000
13142.000000
14119.000000
14156.000000
14156.000000
14137.000000
14137.000000
14119.000000
14156.000000
14193.000000
14138.000000
14156.000000
14119.000000
14101.000000
14174.000000
14156.000000
14119.000000
14137.000000
14156.000000
14175.000000
14174.000000
14119.000000
14192.000000
14174.000000
14156.000000
14211.000000
14155.000000
14156.000000
14156.000000
14100.000000
14138.000000
14119.000000
14101.000000
14137.000000
14156.000000
13787.000000
-985881.000000
14138.000000
14174.000000
14175.000000
14119.000000
14156.000000
14138.000000
14137.000000
14193.000000
14174.000000
-985825.000000
14138.000000
14119.000000
14156.000000
14137.000000
14175.000000
14156.000000
14119.000000
14193.000000
14138.000000
14138.000000
14174.000000
14156.000000
14156.000000
14156.000000
14156.000000
14156.000000
14137.000000
14138.000000
14137.000000
14156.000000
14174.000000
14175.000000
14156.000000
14156.000000
14156.000000
14119.000000
14193.000000
14174.000000
14156.000000
14174.000000
14137.000000
24127.000000
14119.000000
14119.000000
14174.000000
14156.000000
14156.000000
13567.000000
14137.000000
14174.000000
14174.000000
14101.000000
14174.000000
14175.000000
14137.000000
14193.000000
14156.000000
14156.000000
14119.000000
14119.000000
14193.000000
14137.000000
14156.000000
14156.000000
14119.000000
14156.000000
14137.000000
14119.000000
13198.000000
14138.000000
14119.000000
14193.000000
14008.000000
14137.000000
14137.000000
14138.000000
14119.000000
-975853.000000
14119.000000
14156.000000
14119.000000
14101.000000
14137.000000
14138.000000
14174.000000
14175.000000
14137.000000
14156.000000
14119.000000
14175.000000
14100.000000
14138.000000
14174.000000
14138.000000
14138.000000
14137.000000
14156.000000
14175.000000
13640.000000
14119.000000
14156.000000
14101.000000
14156.000000
14174.000000
14175.000000
14174.000000
14119.000000
14137.000000
14138.000000
14119.000000
14174.000000
14156.000000
14138.000000
14156.000000
