15298.000000
15446.000000
15409.000000
15410.000000
15354.000000
15483.000000
14709.000000
14690.000000
15391.000000
15391.000000
15372.000000
15446.000000
15428.000000
15446.000000
15299.000000
15391.000000
15280.000000
15446.000000
15446.000000
15409.000000
15446.000000
15225.000000
15410.000000
15428.000000
15373.000000
14654.000000
15446.000000
15373.000000
15446.000000
15446.000000
15410.000000
15372.000000
15427.000000
15427.000000
15446.000000
15446.000000
15465.000000
-974526.000000
15225.000000
-987448.000000
15354.000000
15372.000000
15354.000000
15447.000000
15336.000000
15428.000000
15409.000000
15447.000000
15391.000000
15391.000000
15409.000000
15427.000000
15483.000000
15464.000000
15410.000000
15520.000000
15464.000000
15446.000000
11041.000000
15133.000000
15501.000000
15520.000000
15483.000000
15372.000000
15464.000000
15391.000000
15409.000000
15428.000000
15538.000000
15465.000000
15483.000000
15539.000000
14561.000000
15502.000000
15409.000000
15372.000000
15501.000000
15483.000000
15335.000000
15446.000000
15464.000000
15428.000000
15464.000000
15465.000000
15427.000000
15465.000000
15520.000000
15409.000000
15483.000000
15464.000000
15373.000000
15409.000000
15539.000000
15483.000000
15465.000000
15409.000000
15501.000000
15483.000000
15446.000000
15390.000000
15483.000000
15410.000000
15502.000000
15336.000000
15281.000000
15483.000000
15501.000000
15446.000000
15446.000000
15391.000000
-984517.000000
15483.000000
15464.000000
15464.000000
15428.000000
15446.000000
15502.000000
15427.000000
15427.000000
15446.000000
15483.000000
15428.000000
15391.000000
15317.000000
15501.000000
15483.000000
15501.000000
15409.000000
15483.000000
15409.000000
15465.000000
15391.000000
15447.000000
15483.000000
15409.000000
15502.000000
15538.000000
15244.000000
15428.000000
15391.000000
15410.000000
15483.000000
15465.000000
15446.000000
15446.000000
15501.000000
15446.000000
15373.000000
15446.000000
15372.000000
15483.000000
15483.000000
15519.000000
15446.000000
15409.000000
15446.000000
15428.000000
15354.000000
15446.000000
15373.000000
15465.000000
-984683.000000
15446.000000
15391.000000
15446.000000
15427.000000
15465.000000
15446.000000
15465.000000
15391.000000
15465.000000
15446.000000
15501.000000
15483.000000
16331.000000
15427.000000
15501.000000
25436.000000
15372.000000
15446.000000
15465.000000
15483.000000
15520.000000
15484.000000
15447.000000
15446.000000
15446.000000
15464.000000
15464.000000
15447.000000
15372.000000
15483.000000
15483.000000
15483.000000
15391.000000
15409.000000
15391.000000
15465.000000
15446.000000
15391.000000
