15225.000000
15409.000000
15391.000000
15428.000000
15465.000000
15372.000000
14948.000000
15410.000000
15410.000000
15299.000000
15409.000000
15410.000000
15390.000000
15391.000000
15225.000000
25400.000000
15373.000000
15446.000000
15427.000000
15280.000000
15428.000000
15464.000000
15465.000000
15318.000000
15299.000000
15483.000000
15483.000000
25400.000000
15465.000000
25288.000000
12257.000000
15428.000000
15372.000000
15391.000000
15391.000000
15372.000000
15409.000000
15427.000000
15428.000000
14911.000000
14377.000000
15409.000000
15409.000000
15483.000000
15299.000000
15390.000000
15428.000000
15390.000000
15907.000000
15335.000000
15427.000000
15446.000000
15446.000000
15483.000000
15391.000000
15465.000000
15483.000000
14728.000000
15465.000000
15409.000000
12331.000000
25473.000000
15501.000000
15427.000000
15409.000000
15465.000000
15483.000000
15464.000000
25491.000000
15446.000000
15501.000000
13953.000000
15447.000000
15464.000000
15446.000000
11004.000000
15464.000000
15464.000000
15446.000000
15373.000000
15428.000000
15502.000000
25473.000000
15151.000000
15447.000000
15409.000000
15483.000000
15501.000000
15428.000000
15465.000000
12442.000000
25436.000000
15538.000000
-984572.000000
15465.000000
15502.000000
15447.000000
15501.000000
15446.000000
15391.000000
15483.000000
15447.000000
15520.000000
14948.000000
15354.000000
15465.000000
15447.000000
14543.000000
15428.000000
12829.000000
15483.000000
15225.000000
15464.000000
15391.000000
15391.000000
15464.000000
25455.000000
15483.000000
15501.000000
15335.000000
15409.000000
15428.000000
15428.000000
15409.000000
25345.000000
15483.000000
15483.000000
15501.000000
12350.000000
15391.000000
15464.000000
15501.000000
15520.000000
15465.000000
15372.000000
15427.000000
25492.000000
15502.000000
25436.000000
-984609.000000
15280.000000
15409.000000
15483.000000
15409.000000
15391.000000
15427.000000
15446.000000
12349.000000
15465.000000
25307.000000
25510.000000
15464.000000
15410.000000
15446.000000
16073.000000
15409.000000
15501.000000
15465.000000
15501.000000
15428.000000
15464.000000
25436.000000
15446.000000
15465.000000
15317.000000
14506.000000
-974527.000000
15501.000000
15409.000000
15298.000000
15428.000000
15428.000000
15502.000000
15446.000000
15465.000000
15243.000000
15446.000000
12350.000000
-984572.000000
15335.000000
15483.000000
15465.000000
15538.000000
15428.000000
15428.000000
15446.000000
14709.000000
15428.000000
15483.000000
15446.000000
15465.000000
15446.000000
15465.000000
-984554.000000
15409.000000
15428.000000
15483.000000
15483.000000
15465.000000
15372.000000
