15667.000000
15797.000000
15778.000000
15760.000000
15760.000000
15778.000000
15354.000000
15778.000000
15741.000000
25750.000000
-974176.000000
15760.000000
15796.000000
15759.000000
15778.000000
15778.000000
15778.000000
15759.000000
15778.000000
15760.000000
15741.000000
15778.000000
15760.000000
15778.000000
15741.000000
15778.000000
15759.000000
15723.000000
15815.000000
25732.000000
15796.000000
15778.000000
-984185.000000
15833.000000
15815.000000
15796.000000
15815.000000
15833.000000
15852.000000
15778.000000
15778.000000
15759.000000
15778.000000
15723.000000
25731.000000
15741.000000
15243.000000
15760.000000
15741.000000
25786.000000
15815.000000
-974176.000000
15796.000000
15833.000000
15814.000000
15815.000000
15833.000000
15815.000000
15852.000000
15759.000000
15796.000000
15797.000000
15815.000000
15797.000000
25769.000000
15760.000000
15796.000000
15834.000000
15815.000000
15815.000000
15834.000000
15814.000000
15833.000000
15814.000000
25860.000000
15834.000000
15796.000000
15796.000000
15833.000000
15852.000000
15834.000000
15778.000000
15833.000000
15778.000000
15078.000000
15796.000000
15797.000000
15852.000000
15759.000000
15778.000000
15814.000000
15815.000000
15778.000000
15815.000000
15815.000000
15759.000000
15796.000000
15851.000000
15796.000000
15833.000000
15815.000000
15815.000000
15834.000000
15815.000000
25805.000000
15778.000000
15851.000000
15834.000000
15852.000000
15815.000000
15852.000000
15815.000000
15834.000000
15834.000000
15833.000000
15834.000000
15814.000000
13308.000000
15833.000000
15815.000000
25787.000000
15796.000000
15852.000000
15833.000000
15833.000000
15760.000000
15796.000000
15723.000000
15833.000000
15556.000000
15815.000000
25805.000000
15759.000000
15796.000000
15815.000000
15814.000000
15852.000000
25824.000000
15797.000000
15834.000000
15815.000000
15796.000000
15797.000000
25823.000000
15833.000000
15759.000000
15815.000000
15796.000000
15814.000000
15815.000000
15834.000000
15851.000000
15833.000000
15815.000000
15372.000000
15870.000000
-984204.000000
15778.000000
15796.000000
15815.000000
25824.000000
15814.000000
15796.000000
15796.000000
15797.000000
15778.000000
15777.000000
15815.000000
15741.000000
15797.000000
15833.000000
15778.000000
15815.000000
15815.000000
15815.000000
15796.000000
15759.000000
15815.000000
15815.000000
15815.000000
15815.000000
15760.000000
25824.000000
15796.000000
15336.000000
15851.000000
15814.000000
15778.000000
15796.000000
15833.000000
15796.000000
15796.000000
15815.000000
15797.000000
15833.000000
25823.000000
15759.000000
15815.000000
15834.000000
15833.000000
