15280.000000
15428.000000
15317.000000
15428.000000
15335.000000
15372.000000
15244.000000
25382.000000
15336.000000
15335.000000
15335.000000
13769.000000
15372.000000
15390.000000
15372.000000
15410.000000
15427.000000
15262.000000
15372.000000
15317.000000
15446.000000
15409.000000
15390.000000
15335.000000
15446.000000
15373.000000
15354.000000
15354.000000
15281.000000
15391.000000
15446.000000
15427.000000
15372.000000
15391.000000
15410.000000
15428.000000
15465.000000
15446.000000
15428.000000
15354.000000
15409.000000
15427.000000
15372.000000
15354.000000
15280.000000
15390.000000
15428.000000
15391.000000
10562.000000
15428.000000
15447.000000
15410.000000
15483.000000
15391.000000
15483.000000
15501.000000
15575.000000
15483.000000
15428.000000
15428.000000
15427.000000
15465.000000
15428.000000
15446.000000
15409.000000
15483.000000
15409.000000
15391.000000
15446.000000
15428.000000
15446.000000
15391.000000
15428.000000
15446.000000
15372.000000
15409.000000
15446.000000
15483.000000
15483.000000
15465.000000
15428.000000
15465.000000
15391.000000
-984627.000000
15501.000000
15446.000000
15520.000000
15335.000000
-984609.000000
15447.000000
15446.000000
15427.000000
15465.000000
15409.000000
15483.000000
15465.000000
15428.000000
15465.000000
15354.000000
15391.000000
15446.000000
15243.000000
15335.000000
15427.000000
15428.000000
15446.000000
15465.000000
15409.000000
15409.000000
15483.000000
15538.000000
15446.000000
15427.000000
15428.000000
15409.000000
15391.000000
15483.000000
13935.000000
15464.000000
15428.000000
15409.000000
15464.000000
15428.000000
15446.000000
15428.000000
15483.000000
15447.000000
15391.000000
15336.000000
15446.000000
15446.000000
15372.000000
15465.000000
15428.000000
15446.000000
15520.000000
15465.000000
15465.000000
15391.000000
15465.000000
15465.000000
15427.000000
15447.000000
15427.000000
15354.000000
15465.000000
15465.000000
15336.000000
15464.000000
15391.000000
15502.000000
15446.000000
15410.000000
15427.000000
24736.000000
15446.000000
15465.000000
15446.000000
15446.000000
15335.000000
15446.000000
15003.000000
15446.000000
15428.000000
15373.000000
15483.000000
15483.000000
15428.000000
15373.000000
15373.000000
15465.000000
15446.000000
15465.000000
15409.000000
15446.000000
15483.000000
15409.000000
15409.000000
15391.000000
15391.000000
15464.000000
15410.000000
15483.000000
-984590.000000
15390.000000
15520.000000
15428.000000
15317.000000
-984591.000000
15465.000000
15483.000000
15446.000000
15428.000000
15446.000000
15391.000000
15446.000000
25473.000000
15410.000000
15409.000000
15390.000000
