18691.000000
18672.000000
28717.000000
18783.000000
18727.000000
18561.000000
18690.000000
18746.000000
18635.000000
18672.000000
18672.000000
18690.000000
18395.000000
18745.000000
18671.000000
18653.000000
18598.000000
18708.000000
18690.000000
18561.000000
18635.000000
18653.000000
18690.000000
18727.000000
18709.000000
18690.000000
18672.000000
18690.000000
18746.000000
18691.000000
18764.000000
18653.000000
18709.000000
18746.000000
28735.000000
18672.000000
18617.000000
28736.000000
18709.000000
18634.000000
18691.000000
18580.000000
18672.000000
18634.000000
18672.000000
18690.000000
17823.000000
18708.000000
18691.000000
18763.000000
18377.000000
18543.000000
18727.000000
18690.000000
18690.000000
18690.000000
18709.000000
18764.000000
18727.000000
18672.000000
18082.000000
18672.000000
18709.000000
18709.000000
18709.000000
18709.000000
18691.000000
18746.000000
18745.000000
18672.000000
28755.000000
18653.000000
18745.000000
18709.000000
18727.000000
-971301.000000
18672.000000
18709.000000
18708.000000
18746.000000
18690.000000
18616.000000
18708.000000
18635.000000
17898.000000
18672.000000
18653.000000
18727.000000
28809.000000
18727.000000
18709.000000
18672.000000
18746.000000
18727.000000
18745.000000
18672.000000
18616.000000
28773.000000
18727.000000
18672.000000
18690.000000
18691.000000
18728.000000
18745.000000
18654.000000
18653.000000
18654.000000
18672.000000
28698.000000
18635.000000
18691.000000
18690.000000
18690.000000
18764.000000
18690.000000
18745.000000
18654.000000
18616.000000
18709.000000
18672.000000
18727.000000
17990.000000
18746.000000
18709.000000
18690.000000
18672.000000
18672.000000
18709.000000
18764.000000
18709.000000
18672.000000
18708.000000
18690.000000
18562.000000
18709.000000
18690.000000
18672.000000
18764.000000
18745.000000
18708.000000
18654.000000
18745.000000
18783.000000
18691.000000
18617.000000
18672.000000
18580.000000
18672.000000
18690.000000
18708.000000
18708.000000
18635.000000
18691.000000
18690.000000
17419.000000
18727.000000
28680.000000
18691.000000
18691.000000
18672.000000
18708.000000
18488.000000
18561.000000
18690.000000
18709.000000
18708.000000
18709.000000
18635.000000
18671.000000
18690.000000
18691.000000
18653.000000
18598.000000
18746.000000
18708.000000
18708.000000
18672.000000
18616.000000
18727.000000
18690.000000
18690.000000
18654.000000
18653.000000
18690.000000
18377.000000
18708.000000
18691.000000
18746.000000
18727.000000
18727.000000
18690.000000
18690.000000
18727.000000
18672.000000
18746.000000
19335.000000
18690.000000
28736.000000
18672.000000
18634.000000
