12350.000000
12368.000000
12387.000000
12350.000000
12386.000000
11999.000000
12202.000000
12313.000000
12331.000000
12350.000000
12313.000000
12405.000000
12386.000000
12368.000000
12349.000000
12349.000000
12368.000000
12368.000000
12368.000000
12350.000000
12331.000000
12368.000000
12405.000000
12386.000000
12368.000000
12312.000000
12368.000000
12349.000000
12350.000000
12387.000000
12350.000000
22284.000000
12441.000000
12386.000000
12386.000000
12386.000000
12368.000000
12368.000000
12368.000000
12405.000000
12423.000000
-987613.000000
12368.000000
12460.000000
12424.000000
12386.000000
12276.000000
12349.000000
12461.000000
12386.000000
11889.000000
12386.000000
12405.000000
12386.000000
12424.000000
12405.000000
12405.000000
12331.000000
12404.000000
12404.000000
12423.000000
12331.000000
12386.000000
12386.000000
12423.000000
12405.000000
12405.000000
12423.000000
12423.000000
12423.000000
12441.000000
12423.000000
12442.000000
12442.000000
22413.000000
12387.000000
12368.000000
12368.000000
12423.000000
12368.000000
12405.000000
12331.000000
12423.000000
12405.000000
12294.000000
12405.000000
12423.000000
12405.000000
12331.000000
12387.000000
-987613.000000
12441.000000
12442.000000
12386.000000
12423.000000
12387.000000
12442.000000
12368.000000
12350.000000
12423.000000
12349.000000
12423.000000
12442.000000
12387.000000
12405.000000
12387.000000
12387.000000
12479.000000
22414.000000
12461.000000
12404.000000
12350.000000
12386.000000
12368.000000
12405.000000
12478.000000
12404.000000
12404.000000
12423.000000
12387.000000
12442.000000
12349.000000
12313.000000
12442.000000
12424.000000
12405.000000
12405.000000
12386.000000
12423.000000
12331.000000
12387.000000
12349.000000
12368.000000
12202.000000
12404.000000
12423.000000
-987577.000000
22340.000000
12405.000000
12405.000000
12368.000000
12386.000000
12405.000000
12368.000000
12405.000000
12368.000000
12386.000000
12441.000000
12423.000000
12368.000000
12405.000000
12386.000000
12423.000000
12386.000000
11907.000000
12405.000000
12387.000000
12404.000000
12405.000000
12368.000000
12460.000000
12350.000000
12405.000000
12386.000000
12386.000000
12387.000000
12368.000000
12405.000000
12405.000000
12349.000000
12404.000000
12405.000000
12405.000000
12405.000000
12405.000000
-987613.000000
12368.000000
12423.000000
12405.000000
12423.000000
-987595.000000
12368.000000
12423.000000
12349.000000
11962.000000
-987669.000000
12405.000000
12405.000000
12386.000000
12442.000000
-987540.000000
12368.000000
12386.000000
12350.000000
12387.000000
12423.000000
12405.000000
12368.000000
12387.000000
12387.000000
