18819.000000
15556.000000
15649.000000
15557.000000
14801.000000
15631.000000
15483.000000
15428.000000
15631.000000
15612.000000
15575.000000
15557.000000
15575.000000
15612.000000
15575.000000
25603.000000
15612.000000
15594.000000
25602.000000
15538.000000
15631.000000
15576.000000
15649.000000
15575.000000
15575.000000
25621.000000
15594.000000
15575.000000
15520.000000
15612.000000
15668.000000
15575.000000
15612.000000
15557.000000
15668.000000
15649.000000
15648.000000
15446.000000
15593.000000
25603.000000
16625.000000
15593.000000
15594.000000
15575.000000
15612.000000
15631.000000
15612.000000
15630.000000
15613.000000
15593.000000
15631.000000
25658.000000
15630.000000
25620.000000
15649.000000
15704.000000
15649.000000
15668.000000
15631.000000
15649.000000
15667.000000
-984388.000000
15299.000000
15649.000000
15630.000000
15631.000000
15575.000000
15630.000000
15631.000000
15631.000000
15649.000000
15668.000000
15612.000000
15631.000000
15649.000000
15686.000000
15631.000000
15631.000000
15668.000000
15667.000000
15649.000000
15612.000000
15631.000000
15613.000000
15667.000000
15630.000000
15667.000000
15686.000000
15612.000000
15649.000000
15704.000000
15630.000000
15630.000000
15685.000000
15630.000000
25658.000000
15593.000000
25621.000000
-984351.000000
15649.000000
15686.000000
15649.000000
15649.000000
15667.000000
15630.000000
15649.000000
15612.000000
15649.000000
15667.000000
15704.000000
15686.000000
15667.000000
15576.000000
15631.000000
15667.000000
25639.000000
15667.000000
15686.000000
15648.000000
15668.000000
15594.000000
15612.000000
15649.000000
15612.000000
15630.000000
25695.000000
15667.000000
15649.000000
15649.000000
15648.000000
15648.000000
15594.000000
15686.000000
15630.000000
15704.000000
15649.000000
15612.000000
25639.000000
15631.000000
15631.000000
15649.000000
15704.000000
15649.000000
15667.000000
15225.000000
15631.000000
15649.000000
15631.000000
15649.000000
-984332.000000
15686.000000
25657.000000
15612.000000
15612.000000
25621.000000
15630.000000
15613.000000
15612.000000
15667.000000
25639.000000
15612.000000
15613.000000
15630.000000
25621.000000
15667.000000
15649.000000
15686.000000
15630.000000
15593.000000
15649.000000
15668.000000
15630.000000
15649.000000
15630.000000
15667.000000
15667.000000
25620.000000
15667.000000
15649.000000
15631.000000
15668.000000
15649.000000
15630.000000
15667.000000
15612.000000
15649.000000
15630.000000
15649.000000
15667.000000
15649.000000
15686.000000
15631.000000
15631.000000
15593.000000
15631.000000
15686.000000
15649.000000
15630.000000
15630.000000
15649.000000
