27058.000000
27427.000000
27501.000000
27353.000000
27464.000000
27722.000000
27409.000000
-972481.000000
27335.000000
27298.000000
27353.000000
27390.000000
27427.000000
27298.000000
27335.000000
27372.000000
27261.000000
27317.000000
27224.000000
-973089.000000
27427.000000
27316.000000
27427.000000
27372.000000
-973071.000000
27335.000000
26340.000000
27242.000000
27428.000000
27464.000000
27371.000000
27354.000000
27316.000000
27335.000000
27390.000000
27299.000000
27353.000000
27408.000000
27335.000000
27371.000000
27409.000000
27335.000000
27409.000000
27390.000000
27390.000000
27482.000000
27446.000000
27243.000000
-972628.000000
27372.000000
27353.000000
27353.000000
27372.000000
27427.000000
27427.000000
27464.000000
27409.000000
27371.000000
27464.000000
27390.000000
27298.000000
27335.000000
27409.000000
27243.000000
27408.000000
-972628.000000
27482.000000
37362.000000
27372.000000
27501.000000
27409.000000
27408.000000
27371.000000
37380.000000
26874.000000
27353.000000
27390.000000
26948.000000
27390.000000
27427.000000
27464.000000
26616.000000
27445.000000
27335.000000
27335.000000
27427.000000
27390.000000
27408.000000
27464.000000
27372.000000
27482.000000
27353.000000
27408.000000
27316.000000
27427.000000
27409.000000
27353.000000
27446.000000
27317.000000
27446.000000
27427.000000
27500.000000
37399.000000
27390.000000
27427.000000
27372.000000
27427.000000
27334.000000
27353.000000
27353.000000
27445.000000
27316.000000
27409.000000
27427.000000
27501.000000
27372.000000
27390.000000
26911.000000
27372.000000
27464.000000
27445.000000
-972592.000000
27445.000000
27390.000000
27224.000000
27464.000000
27316.000000
27372.000000
27428.000000
27353.000000
27390.000000
27427.000000
27408.000000
27390.000000
27390.000000
27353.000000
27427.000000
27040.000000
27390.000000
27335.000000
27427.000000
27408.000000
27317.000000
-972573.000000
27519.000000
27409.000000
27096.000000
27409.000000
27445.000000
27427.000000
27445.000000
27446.000000
27464.000000
27335.000000
27335.000000
27354.000000
27298.000000
27353.000000
27446.000000
27482.000000
27446.000000
27298.000000
27390.000000
27390.000000
27427.000000
27427.000000
27390.000000
27427.000000
27206.000000
27371.000000
-972536.000000
27354.000000
27390.000000
27408.000000
27427.000000
27464.000000
27427.000000
27390.000000
27390.000000
27335.000000
27445.000000
27409.000000
27353.000000
27408.000000
27445.000000
27372.000000
27354.000000
27354.000000
26285.000000
27390.000000
27372.000000
27335.000000
26745.000000
27334.000000
27335.000000
27408.000000
37325.000000
-972628.000000
27261.000000
27464.000000
