14912.000000
15004.000000
15022.000000
14949.000000
15040.000000
14820.000000
14727.000000
15041.000000
14986.000000
14985.000000
15077.000000
15040.000000
15041.000000
14985.000000
15022.000000
15040.000000
15004.000000
15022.000000
15004.000000
15004.000000
15004.000000
14986.000000
14986.000000
15041.000000
15022.000000
15023.000000
15003.000000
15022.000000
14967.000000
15040.000000
14966.000000
15059.000000
15041.000000
15022.000000
15059.000000
15078.000000
15040.000000
15078.000000
15004.000000
15077.000000
14986.000000
15004.000000
15059.000000
15023.000000
15040.000000
15041.000000
14396.000000
15022.000000
15059.000000
15022.000000
14690.000000
15096.000000
15022.000000
15077.000000
15060.000000
15096.000000
25031.000000
15077.000000
15059.000000
15004.000000
15059.000000
15040.000000
15022.000000
15040.000000
15059.000000
15059.000000
15041.000000
15059.000000
15059.000000
15060.000000
15060.000000
15059.000000
15022.000000
15060.000000
15059.000000
15041.000000
15003.000000
15041.000000
15023.000000
15041.000000
15004.000000
15004.000000
14985.000000
15022.000000
14377.000000
15059.000000
15022.000000
15022.000000
15059.000000
15022.000000
15022.000000
15059.000000
15078.000000
15096.000000
15059.000000
15096.000000
15041.000000
15041.000000
15022.000000
15040.000000
25049.000000
15078.000000
15059.000000
15096.000000
15059.000000
15022.000000
15059.000000
15040.000000
15059.000000
15114.000000
15059.000000
15059.000000
25068.000000
15078.000000
15077.000000
15022.000000
15059.000000
15059.000000
15059.000000
15059.000000
15077.000000
15041.000000
15077.000000
15040.000000
15040.000000
15077.000000
15040.000000
15059.000000
15041.000000
14837.000000
15059.000000
15040.000000
15040.000000
15115.000000
15077.000000
15096.000000
15059.000000
15041.000000
15078.000000
15059.000000
15059.000000
-984923.000000
15004.000000
15077.000000
15041.000000
15041.000000
-984959.000000
15059.000000
15059.000000
15077.000000
15077.000000
15059.000000
15059.000000
15041.000000
14930.000000
15041.000000
15022.000000
15133.000000
15041.000000
15059.000000
15059.000000
15022.000000
15077.000000
15004.000000
15041.000000
15096.000000
14967.000000
15096.000000
15040.000000
15023.000000
15059.000000
15022.000000
15040.000000
15078.000000
15059.000000
15078.000000
15040.000000
15059.000000
15060.000000
15041.000000
15059.000000
15059.000000
15096.000000
15077.000000
14525.000000
15022.000000
15059.000000
15022.000000
15041.000000
15078.000000
15059.000000
14948.000000
15077.000000
14986.000000
15041.000000
14967.000000
15041.000000
15059.000000
15041.000000
15059.000000
