-978416.000000
21621.000000
32422.000000
21695.000000
31722.000000
-978508.000000
21676.000000
21713.000000
21676.000000
31703.000000
21584.000000
21695.000000
21474.000000
21732.000000
21657.000000
21639.000000
21695.000000
21621.000000
21565.000000
21658.000000
21621.000000
21713.000000
21694.000000
21695.000000
21713.000000
21602.000000
21603.000000
21640.000000
21658.000000
21658.000000
21547.000000
21676.000000
21695.000000
21657.000000
-978305.000000
21676.000000
21676.000000
21677.000000
21713.000000
21732.000000
31648.000000
21713.000000
21750.000000
21695.000000
21676.000000
21713.000000
21584.000000
21658.000000
21676.000000
21584.000000
21234.000000
32477.000000
21677.000000
-978250.000000
21713.000000
21713.000000
31759.000000
21769.000000
21713.000000
31685.000000
20717.000000
21602.000000
21713.000000
21694.000000
21694.000000
21603.000000
21732.000000
21713.000000
21694.000000
21713.000000
-978305.000000
21658.000000
21750.000000
21769.000000
21676.000000
21657.000000
21676.000000
21694.000000
21510.000000
21695.000000
31740.000000
21676.000000
21677.000000
21676.000000
21713.000000
21750.000000
21713.000000
21750.000000
21731.000000
21731.000000
21658.000000
21750.000000
21769.000000
21694.000000
21695.000000
31611.000000
21842.000000
21732.000000
31648.000000
21732.000000
21731.000000
21695.000000
21750.000000
21787.000000
21768.000000
21731.000000
21695.000000
21732.000000
21750.000000
31795.000000
21694.000000
21768.000000
21750.000000
21677.000000
21750.000000
21603.000000
21658.000000
21713.000000
31759.000000
32404.000000
31703.000000
20533.000000
21677.000000
21713.000000
21695.000000
21732.000000
-978250.000000
21695.000000
21639.000000
21547.000000
21510.000000
-978343.000000
21695.000000
21750.000000
31759.000000
21713.000000
21713.000000
21676.000000
21769.000000
21676.000000
21676.000000
21713.000000
21142.000000
21676.000000
21713.000000
21750.000000
21639.000000
21731.000000
21732.000000
21731.000000
31759.000000
31777.000000
21732.000000
21676.000000
20626.000000
21621.000000
21676.000000
21768.000000
21787.000000
21750.000000
21750.000000
21713.000000
21694.000000
21824.000000
21750.000000
31759.000000
21713.000000
21694.000000
21602.000000
21713.000000
21640.000000
21676.000000
21714.000000
21732.000000
21713.000000
31703.000000
31795.000000
31777.000000
21732.000000
21768.000000
21676.000000
21677.000000
21694.000000
21694.000000
21123.000000
21676.000000
21658.000000
21676.000000
21713.000000
21750.000000
21731.000000
21677.000000
21714.000000
21694.000000
21695.000000
21640.000000
20662.000000
21713.000000
21658.000000
21732.000000
