15354.000000
15501.000000
15428.000000
15410.000000
15446.000000
14579.000000
15353.000000
15520.000000
15446.000000
15427.000000
15483.000000
15446.000000
15465.000000
15428.000000
15464.000000
15483.000000
15520.000000
15483.000000
15483.000000
15465.000000
15391.000000
15410.000000
15483.000000
15447.000000
15409.000000
15465.000000
15465.000000
15391.000000
15446.000000
15409.000000
15391.000000
15501.000000
15483.000000
15502.000000
15428.000000
15465.000000
15520.000000
15446.000000
15465.000000
15483.000000
15427.000000
15447.000000
15464.000000
15465.000000
15409.000000
15409.000000
-985531.000000
15501.000000
15483.000000
15428.000000
14967.000000
15501.000000
15483.000000
15465.000000
15483.000000
15464.000000
15428.000000
15464.000000
15557.000000
15446.000000
15464.000000
25492.000000
15447.000000
15483.000000
15409.000000
15483.000000
15483.000000
15483.000000
15483.000000
15465.000000
25492.000000
15520.000000
15520.000000
15483.000000
15557.000000
15649.000000
15501.000000
15465.000000
15465.000000
15465.000000
15501.000000
15427.000000
15446.000000
15465.000000
14543.000000
15483.000000
15464.000000
15465.000000
15447.000000
15428.000000
15464.000000
15465.000000
25473.000000
15501.000000
15483.000000
15502.000000
15483.000000
15483.000000
15464.000000
15465.000000
-984443.000000
25473.000000
15465.000000
15483.000000
15446.000000
15465.000000
15520.000000
15501.000000
15483.000000
15501.000000
15483.000000
15465.000000
15501.000000
15446.000000
15502.000000
15465.000000
15483.000000
25473.000000
25473.000000
-984498.000000
15465.000000
15465.000000
25529.000000
15483.000000
15465.000000
25400.000000
15483.000000
15520.000000
15501.000000
15391.000000
25510.000000
15446.000000
15501.000000
15483.000000
15464.000000
15483.000000
15483.000000
15446.000000
15465.000000
15501.000000
15465.000000
15483.000000
15502.000000
15483.000000
15409.000000
15409.000000
15483.000000
15483.000000
15464.000000
15502.000000
15483.000000
15483.000000
15483.000000
15446.000000
14930.000000
15465.000000
15465.000000
15483.000000
15501.000000
15483.000000
15483.000000
15446.000000
15501.000000
15539.000000
15483.000000
15520.000000
15520.000000
15502.000000
-984535.000000
15465.000000
15483.000000
15446.000000
15464.000000
15483.000000
15465.000000
15483.000000
15465.000000
15446.000000
15502.000000
15483.000000
15446.000000
15483.000000
15483.000000
15501.000000
14377.000000
15464.000000
15483.000000
15446.000000
15465.000000
15465.000000
15483.000000
15428.000000
25455.000000
15520.000000
15502.000000
15428.000000
15465.000000
15483.000000
15502.000000
15520.000000
