15262.000000
15428.000000
15410.000000
15409.000000
15428.000000
15372.000000
15298.000000
15262.000000
15391.000000
15427.000000
15391.000000
15428.000000
15428.000000
15317.000000
15428.000000
15409.000000
15410.000000
15409.000000
15446.000000
15354.000000
15354.000000
15409.000000
15373.000000
15372.000000
15354.000000
15427.000000
15409.000000
15262.000000
15354.000000
15373.000000
15372.000000
15391.000000
15391.000000
15390.000000
15409.000000
15464.000000
15428.000000
15391.000000
15336.000000
15372.000000
15410.000000
15354.000000
15354.000000
15390.000000
15372.000000
15317.000000
15373.000000
15391.000000
15354.000000
15354.000000
15446.000000
15428.000000
15446.000000
15446.000000
15465.000000
15446.000000
15483.000000
15483.000000
15501.000000
15428.000000
15410.000000
15372.000000
15428.000000
15483.000000
15428.000000
15464.000000
15409.000000
15465.000000
15446.000000
15428.000000
15446.000000
15410.000000
15465.000000
-984535.000000
15465.000000
15464.000000
15409.000000
15483.000000
15483.000000
15427.000000
15465.000000
15446.000000
15446.000000
15447.000000
15409.000000
15465.000000
15410.000000
25492.000000
15465.000000
15373.000000
15446.000000
15464.000000
15427.000000
15410.000000
15428.000000
15501.000000
15428.000000
15428.000000
15465.000000
15446.000000
15464.000000
15409.000000
15427.000000
15520.000000
15484.000000
15391.000000
15428.000000
15446.000000
15446.000000
15464.000000
15464.000000
15465.000000
15483.000000
15409.000000
15465.000000
15446.000000
15483.000000
25473.000000
15446.000000
15428.000000
15391.000000
15447.000000
15465.000000
15428.000000
15391.000000
15446.000000
15427.000000
15464.000000
15446.000000
15428.000000
15446.000000
15446.000000
15465.000000
15427.000000
-984535.000000
15446.000000
15483.000000
15409.000000
15317.000000
15446.000000
15483.000000
15465.000000
15409.000000
15391.000000
15409.000000
15391.000000
15410.000000
15428.000000
15447.000000
15428.000000
15427.000000
15464.000000
15428.000000
15372.000000
14654.000000
15409.000000
15483.000000
15409.000000
15428.000000
15483.000000
15428.000000
15483.000000
15391.000000
25436.000000
15428.000000
15465.000000
15372.000000
15391.000000
15446.000000
15464.000000
15464.000000
15354.000000
15428.000000
15373.000000
15447.000000
15447.000000
15446.000000
15427.000000
15428.000000
15410.000000
15428.000000
15428.000000
15373.000000
15372.000000
15427.000000
15409.000000
15390.000000
15391.000000
15428.000000
15428.000000
15428.000000
15372.000000
15410.000000
15428.000000
15446.000000
15409.000000
15446.000000
15410.000000
15391.000000
15483.000000
