15815.000000
15833.000000
15833.000000
-984148.000000
15797.000000
15852.000000
15354.000000
15888.000000
15777.000000
15796.000000
15889.000000
15907.000000
15778.000000
15870.000000
15797.000000
-984148.000000
15778.000000
15796.000000
15870.000000
15889.000000
15815.000000
15870.000000
15852.000000
25842.000000
15797.000000
15814.000000
15833.000000
15815.000000
15797.000000
15852.000000
15852.000000
15852.000000
15797.000000
25805.000000
15889.000000
15871.000000
15888.000000
15871.000000
15851.000000
25879.000000
15834.000000
15815.000000
25823.000000
25842.000000
25805.000000
15814.000000
15815.000000
15833.000000
15815.000000
15870.000000
15870.000000
15833.000000
15870.000000
25916.000000
15889.000000
15852.000000
-984075.000000
15870.000000
15852.000000
25879.000000
25898.000000
15852.000000
15815.000000
15870.000000
15833.000000
15870.000000
25860.000000
15852.000000
-984130.000000
15870.000000
15888.000000
15907.000000
15870.000000
15870.000000
15852.000000
15870.000000
15852.000000
25879.000000
15833.000000
15888.000000
15833.000000
15833.000000
25860.000000
15833.000000
15741.000000
15888.000000
15852.000000
15907.000000
15870.000000
15815.000000
15815.000000
15888.000000
15834.000000
25878.000000
15870.000000
15907.000000
15906.000000
25860.000000
15354.000000
15815.000000
15852.000000
25879.000000
15870.000000
25879.000000
15907.000000
-984148.000000
15870.000000
25842.000000
15871.000000
15870.000000
15888.000000
15870.000000
15852.000000
15612.000000
15870.000000
25842.000000
15851.000000
15428.000000
15870.000000
15888.000000
15851.000000
15852.000000
15870.000000
15852.000000
15870.000000
25860.000000
15889.000000
15888.000000
15888.000000
-984130.000000
15851.000000
15870.000000
15833.000000
15889.000000
15833.000000
15889.000000
15907.000000
15889.000000
15833.000000
15851.000000
25861.000000
15889.000000
25860.000000
15889.000000
15870.000000
15870.000000
15870.000000
25860.000000
15851.000000
15870.000000
15539.000000
15907.000000
15888.000000
15851.000000
15059.000000
15870.000000
15833.000000
15888.000000
15870.000000
25897.000000
15815.000000
15834.000000
15888.000000
15833.000000
15870.000000
15852.000000
15889.000000
15870.000000
15870.000000
15851.000000
15889.000000
15815.000000
15852.000000
15870.000000
15870.000000
15888.000000
15870.000000
15852.000000
15888.000000
15852.000000
15833.000000
15870.000000
15852.000000
15888.000000
25879.000000
15888.000000
15870.000000
15815.000000
15833.000000
15870.000000
15833.000000
15888.000000
25878.000000
15851.000000
15870.000000
15870.000000
15870.000000
15852.000000
25805.000000
15889.000000
