15575.000000
15668.000000
15667.000000
15649.000000
15630.000000
15631.000000
15262.000000
15704.000000
15631.000000
25639.000000
15649.000000
25676.000000
15630.000000
15593.000000
15686.000000
15649.000000
15649.000000
15667.000000
15705.000000
25695.000000
25676.000000
15704.000000
-984406.000000
15649.000000
15593.000000
15631.000000
15705.000000
-984259.000000
15649.000000
15612.000000
15612.000000
15649.000000
25676.000000
15704.000000
15667.000000
25713.000000
15686.000000
15705.000000
15649.000000
25676.000000
15630.000000
15649.000000
15630.000000
15668.000000
15630.000000
15723.000000
15446.000000
15704.000000
15649.000000
15667.000000
25713.000000
15668.000000
25676.000000
15741.000000
15686.000000
15722.000000
15686.000000
15777.000000
15705.000000
15704.000000
15648.000000
15686.000000
15686.000000
-984277.000000
15686.000000
15686.000000
15704.000000
15705.000000
15686.000000
15704.000000
15705.000000
15649.000000
15686.000000
15685.000000
15704.000000
15686.000000
15668.000000
15722.000000
15723.000000
25713.000000
15704.000000
15667.000000
15667.000000
15668.000000
15465.000000
15705.000000
25657.000000
15741.000000
15705.000000
15686.000000
15722.000000
15705.000000
15685.000000
15705.000000
15722.000000
15723.000000
15686.000000
15723.000000
25712.000000
15686.000000
15686.000000
15704.000000
15704.000000
15705.000000
15723.000000
15705.000000
15759.000000
15686.000000
15685.000000
15723.000000
15704.000000
15722.000000
15704.000000
15686.000000
15723.000000
15704.000000
15704.000000
15704.000000
15649.000000
15723.000000
25713.000000
15704.000000
15686.000000
15704.000000
-984314.000000
15686.000000
15686.000000
15723.000000
15704.000000
15593.000000
15705.000000
15686.000000
15667.000000
15686.000000
25676.000000
15741.000000
15704.000000
15649.000000
15704.000000
15686.000000
15612.000000
15723.000000
15686.000000
15722.000000
15760.000000
15631.000000
15741.000000
15704.000000
15685.000000
15705.000000
15686.000000
-974306.000000
15704.000000
15686.000000
14617.000000
15668.000000
15705.000000
15722.000000
15686.000000
15649.000000
15686.000000
15668.000000
15723.000000
25676.000000
15612.000000
15704.000000
15722.000000
15741.000000
15686.000000
15686.000000
15704.000000
15704.000000
15649.000000
-984277.000000
15741.000000
15722.000000
15686.000000
15667.000000
15704.000000
15667.000000
15686.000000
15667.000000
15704.000000
15723.000000
15372.000000
15630.000000
15686.000000
15686.000000
15649.000000
15722.000000
15668.000000
15649.000000
15686.000000
15686.000000
15667.000000
15667.000000
15649.000000
15704.000000
15686.000000
15722.000000
