14230.000000
14488.000000
14414.000000
14469.000000
14469.000000
14469.000000
14395.000000
14451.000000
14487.000000
24423.000000
14469.000000
14432.000000
14340.000000
14451.000000
14451.000000
14414.000000
14433.000000
14451.000000
14395.000000
14469.000000
14469.000000
14414.000000
14414.000000
14469.000000
14451.000000
14432.000000
14450.000000
14451.000000
14469.000000
14487.000000
14543.000000
14414.000000
14377.000000
14506.000000
14487.000000
14414.000000
14469.000000
14414.000000
14451.000000
14395.000000
14413.000000
14433.000000
14395.000000
14432.000000
14432.000000
14451.000000
14506.000000
14469.000000
14451.000000
14469.000000
