13824.000000
13824.000000
13824.000000
13806.000000
13824.000000
12829.000000
13787.000000
13861.000000
13308.000000
13843.000000
13842.000000
13806.000000
13917.000000
23796.000000
13861.000000
13824.000000
13861.000000
13824.000000
13824.000000
13824.000000
13861.000000
13824.000000
13843.000000
13897.000000
13842.000000
13861.000000
13935.000000
13769.000000
13806.000000
13879.000000
13824.000000
13898.000000
13842.000000
13861.000000
13861.000000
13861.000000
13843.000000
13787.000000
13843.000000
13824.000000
13825.000000
13861.000000
13861.000000
13861.000000
13898.000000
13898.000000
13861.000000
13824.000000
13861.000000
13897.000000
