12663.000000
12755.000000
12811.000000
12829.000000
12718.000000
12829.000000
12792.000000
12774.000000
12368.000000
12792.000000
12811.000000
12865.000000
12737.000000
12773.000000
12792.000000
12792.000000
12847.000000
12829.000000
12792.000000
12737.000000
12737.000000
12810.000000
12829.000000
12828.000000
12792.000000
12847.000000
12847.000000
12774.000000
12774.000000
12829.000000
12884.000000
12792.000000
12811.000000
12866.000000
12810.000000
12829.000000
12773.000000
12792.000000
12774.000000
12736.000000
12866.000000
12774.000000
12811.000000
12810.000000
12828.000000
12791.000000
12847.000000
12829.000000
12792.000000
12847.000000
