13972.000000
14064.000000
14119.000000
14083.000000
14101.000000
12866.000000
14027.000000
14046.000000
24201.000000
14082.000000
14193.000000
14082.000000
14008.000000
14045.000000
14046.000000
14138.000000
14082.000000
14101.000000
14064.000000
24165.000000
14045.000000
14101.000000
14101.000000
14083.000000
13935.000000
13971.000000
14156.000000
14083.000000
24072.000000
14082.000000
14082.000000
14026.000000
14045.000000
14138.000000
14064.000000
14192.000000
14082.000000
14119.000000
14045.000000
14064.000000
14138.000000
14137.000000
14045.000000
14119.000000
14101.000000
14046.000000
14100.000000
13990.000000
14064.000000
14156.000000
