14156.000000
14303.000000
14340.000000
14359.000000
24404.000000
14470.000000
14267.000000
14248.000000
14304.000000
14303.000000
14414.000000
14340.000000
14340.000000
14340.000000
24386.000000
14358.000000
14285.000000
14303.000000
14322.000000
14248.000000
24349.000000
14359.000000
14304.000000
14340.000000
14433.000000
24405.000000
14359.000000
14322.000000
24404.000000
14396.000000
14322.000000
24441.000000
14304.000000
14303.000000
14266.000000
14267.000000
14285.000000
14303.000000
14266.000000
24294.000000
14303.000000
14359.000000
14414.000000
14359.000000
24404.000000
14266.000000
14321.000000
14378.000000
14322.000000
14340.000000
