11354.000000
11962.000000
11815.000000
11815.000000
11889.000000
11870.000000
11870.000000
11742.000000
11594.000000
11833.000000
11834.000000
11852.000000
11870.000000
11815.000000
11704.000000
11796.000000
11815.000000
11944.000000
11741.000000
11925.000000
11815.000000
11833.000000
11797.000000
11705.000000
11815.000000
11852.000000
11889.000000
11833.000000
11889.000000
11778.000000
11797.000000
11797.000000
11815.000000
11870.000000
11851.000000
11852.000000
11760.000000
11723.000000
11796.000000
11833.000000
11870.000000
11796.000000
11797.000000
11778.000000
11741.000000
11834.000000
11852.000000
11889.000000
11796.000000
11760.000000
