14432.000000
24551.000000
14598.000000
14433.000000
14635.000000
14598.000000
14580.000000
14579.000000
14561.000000
14599.000000
24589.000000
14506.000000
14506.000000
14580.000000
14543.000000
14562.000000
14488.000000
14525.000000
14561.000000
14579.000000
14543.000000
14543.000000
14562.000000
14524.000000
14636.000000
14599.000000
14524.000000
14598.000000
14635.000000
14524.000000
24588.000000
14562.000000
14599.000000
14598.000000
14580.000000
14580.000000
14579.000000
14506.000000
14580.000000
14580.000000
14562.000000
14543.000000
14598.000000
14543.000000
14562.000000
14543.000000
24588.000000
14598.000000
14543.000000
14562.000000
