10691.000000
10802.000000
10820.000000
10727.000000
10746.000000
10820.000000
10820.000000
10820.000000
19317.000000
10801.000000
10765.000000
10820.000000
10782.000000
10838.000000
10838.000000
10802.000000
10875.000000
10857.000000
10801.000000
10783.000000
10801.000000
10820.000000
10838.000000
10764.000000
10783.000000
10838.000000
10801.000000
10820.000000
10764.000000
10838.000000
10765.000000
10765.000000
10820.000000
10819.000000
10856.000000
10802.000000
10838.000000
10856.000000
10727.000000
10728.000000
10728.000000
10746.000000
10783.000000
10765.000000
10764.000000
10782.000000
10783.000000
10764.000000
10764.000000
10782.000000
