14414.000000
14543.000000
14451.000000
14451.000000
14488.000000
24497.000000
14524.000000
14395.000000
14506.000000
14506.000000
14543.000000
14470.000000
14487.000000
14543.000000
14524.000000
14580.000000
24386.000000
14561.000000
14525.000000
14488.000000
14561.000000
14506.000000
14543.000000
24607.000000
14543.000000
14561.000000
14543.000000
14488.000000
14487.000000
14525.000000
14561.000000
14561.000000
14525.000000
14580.000000
14488.000000
14432.000000
14395.000000
14450.000000
14487.000000
14451.000000
14598.000000
14524.000000
14506.000000
24533.000000
14543.000000
14561.000000
14414.000000
14451.000000
14562.000000
14525.000000
