28791.000000
18524.000000
19169.000000
19261.000000
19298.000000
19114.000000
29086.000000
19078.000000
19022.000000
19114.000000
19077.000000
19262.000000
29178.000000
19188.000000
19169.000000
19170.000000
19187.000000
18966.000000
19077.000000
19132.000000
19225.000000
19151.000000
19225.000000
18893.000000
18211.000000
19133.000000
19132.000000
19041.000000
18893.000000
19096.000000
18966.000000
18967.000000
19096.000000
29068.000000
19225.000000
19096.000000
19207.000000
19040.000000
19059.000000
18635.000000
18948.000000
19096.000000
19151.000000
19003.000000
19004.000000
19078.000000
19022.000000
19096.000000
19041.000000
19188.000000
