17492.000000
28699.000000
18671.000000
18690.000000
18838.000000
18838.000000
28699.000000
18801.000000
18727.000000
18783.000000
18690.000000
18709.000000
18801.000000
18783.000000
28736.000000
18709.000000
18856.000000
18746.000000
18690.000000
18967.000000
18837.000000
18672.000000
18653.000000
18856.000000
18635.000000
18764.000000
18708.000000
18838.000000
18782.000000
18653.000000
18671.000000
18783.000000
18709.000000
18579.000000
18709.000000
18801.000000
18709.000000
18746.000000
18709.000000
18672.000000
18727.000000
18801.000000
18782.000000
18820.000000
18635.000000
18672.000000
18377.000000
18653.000000
18654.000000
18800.000000
