18027.000000
18063.000000
18008.000000
18082.000000
17971.000000
17990.000000
17990.000000
17953.000000
18008.000000
18026.000000
18046.000000
18045.000000
18027.000000
18045.000000
18137.000000
17990.000000
18046.000000
17971.000000
18008.000000
18008.000000
18027.000000
23833.000000
18248.000000
17972.000000
17935.000000
18469.000000
18063.000000
18045.000000
18026.000000
18008.000000
18027.000000
18009.000000
17989.000000
17990.000000
17953.000000
17972.000000
17990.000000
18009.000000
18211.000000
17953.000000
17989.000000
18045.000000
23390.000000
17990.000000
18027.000000
18027.000000
18008.000000
18045.000000
18045.000000
18193.000000
