14451.000000
14506.000000
14580.000000
14488.000000
14488.000000
14598.000000
14580.000000
16829.000000
14580.000000
14524.000000
14599.000000
14543.000000
14525.000000
14599.000000
14543.000000
14617.000000
19003.000000
14561.000000
14543.000000
14599.000000
14543.000000
14599.000000
14598.000000
14616.000000
14562.000000
14598.000000
14543.000000
14562.000000
14580.000000
14672.000000
14598.000000
14562.000000
14598.000000
14598.000000
14599.000000
14450.000000
14598.000000
13548.000000
14562.000000
14524.000000
14562.000000
14524.000000
14542.000000
14377.000000
14561.000000
24625.000000
14561.000000
14580.000000
14525.000000
14488.000000
