13198.000000
23169.000000
13198.000000
13234.000000
23225.000000
13105.000000
13271.000000
23225.000000
13234.000000
13160.000000
13198.000000
13971.000000
13253.000000
23243.000000
12976.000000
12533.000000
13234.000000
13197.000000
23169.000000
13179.000000
23133.000000
13197.000000
13160.000000
13142.000000
13216.000000
12737.000000
13216.000000
23132.000000
13179.000000
13160.000000
13160.000000
24238.000000
13197.000000
13197.000000
13216.000000
13179.000000
12681.000000
13235.000000
13123.000000
23132.000000
13215.000000
13161.000000
13142.000000
13142.000000
13087.000000
12829.000000
13161.000000
13216.000000
13179.000000
13142.000000
