16663.000000
16755.000000
16718.000000
16755.000000
16699.000000
16737.000000
16736.000000
16663.000000
16626.000000
16792.000000
16737.000000
16755.000000
16699.000000
16736.000000
16810.000000
26745.000000
16736.000000
16718.000000
16699.000000
16829.000000
16736.000000
16792.000000
16497.000000
16810.000000
16700.000000
16829.000000
16736.000000
16773.000000
16699.000000
16700.000000
16792.000000
16755.000000
16774.000000
26763.000000
16718.000000
16736.000000
16755.000000
16663.000000
16091.000000
16736.000000
16717.000000
16736.000000
16773.000000
16755.000000
16736.000000
16737.000000
16755.000000
16736.000000
16662.000000
16699.000000
