11889.000000
27169.000000
17179.000000
21179.000000
26837.000000
16755.000000
16533.000000
17179.000000
17086.000000
17105.000000
17142.000000
17013.000000
14672.000000
15243.000000
16460.000000
17124.000000
17123.000000
16921.000000
27113.000000
14119.000000
16865.000000
16791.000000
16921.000000
12571.000000
17105.000000
17105.000000
17105.000000
15206.000000
16386.000000
15685.000000
17105.000000
17124.000000
17178.000000
27058.000000
17050.000000
16866.000000
16681.000000
16866.000000
17087.000000
26672.000000
17068.000000
27133.000000
17105.000000
11299.000000
16865.000000
17124.000000
17105.000000
17123.000000
17124.000000
26763.000000
