5714.000000
5991.000000
5770.000000
5585.000000
5548.000000
5622.000000
5604.000000
5511.000000
5659.000000
5585.000000
5529.000000
5511.000000
5825.000000
5622.000000
5585.000000
5677.000000
5585.000000
5567.000000
5401.000000
5677.000000
5438.000000
5659.000000
5548.000000
5567.000000
5493.000000
5659.000000
5788.000000
5475.000000
5604.000000
5585.000000
5640.000000
5640.000000
5475.000000
5843.000000
5585.000000
5806.000000
5659.000000
5438.000000
5530.000000
5714.000000
5585.000000
5751.000000
5530.000000
5585.000000
5567.000000
5437.000000
5769.000000
5659.000000
5585.000000
5548.000000
5346.000000
5788.000000
5567.000000
5641.000000
5714.000000
5456.000000
5530.000000
5529.000000
5640.000000
5511.000000
5787.000000
5585.000000
5751.000000
5604.000000
5806.000000
5659.000000
5622.000000
5787.000000
5382.000000
5548.000000
5567.000000
5566.000000
5548.000000
5530.000000
5549.000000
5530.000000
5806.000000
5548.000000
5622.000000
5604.000000
5567.000000
5714.000000
5529.000000
5530.000000
5640.000000
5695.000000
5566.000000
5807.000000
5604.000000
5584.000000
5585.000000
5548.000000
5566.000000
5640.000000
5567.000000
5640.000000
5548.000000
5916.000000
5585.000000
5640.000000
5456.000000
5769.000000
5511.000000
5788.000000
5696.000000
5677.000000
5585.000000
5603.000000
5769.000000
5530.000000
5437.000000
5696.000000
5529.000000
5474.000000
5585.000000
5567.000000
5585.000000
5585.000000
5696.000000
5493.000000
5659.000000
5658.000000
5456.000000
5585.000000
5622.000000
5604.000000
5714.000000
5511.000000
5714.000000
5585.000000
5769.000000
5419.000000
5788.000000
5493.000000
5511.000000
5658.000000
5548.000000
5696.000000
5640.000000
5603.000000
5567.000000
5512.000000
5641.000000
5401.000000
5751.000000
5530.000000
5788.000000
5567.000000
5548.000000
5492.000000
5548.000000
5677.000000
5529.000000
5714.000000
5604.000000
5696.000000
5548.000000
5511.000000
5751.000000
5530.000000
5751.000000
5548.000000
5806.000000
5603.000000
5548.000000
5567.000000
5658.000000
5530.000000
5787.000000
5364.000000
5585.000000
5640.000000
5622.000000
5529.000000
5622.000000
5788.000000
5585.000000
5658.000000
5585.000000
5585.000000
5567.000000
5493.000000
5732.000000
5714.000000
5659.000000
5622.000000
5548.000000
5824.000000
5475.000000
5640.000000
5585.000000
5475.000000
5530.000000
5511.000000
5751.000000
5585.000000
5733.000000
5566.000000
5603.000000
5548.000000
5567.000000
5511.000000
5493.000000
5530.000000
5604.000000
5733.000000
5714.000000
5585.000000
5566.000000
5511.000000
5530.000000
5456.000000
5567.000000
5364.000000
5567.000000
5475.000000
5641.000000
5492.000000
5695.000000
5566.000000
5733.000000
5493.000000
5640.000000
5659.000000
5714.000000
5585.000000
5750.000000
5567.000000
5714.000000
5511.000000
5751.000000
5585.000000
5769.000000
5603.000000
5529.000000
5511.000000
5732.000000
5530.000000
5695.000000
5880.000000
5732.000000
5548.000000
5658.000000
5659.000000
5548.000000
5548.000000
5714.000000
5530.000000
5622.000000
5603.000000
5567.000000
5732.000000
5548.000000
5732.000000
5530.000000
5806.000000
5548.000000
5787.000000
5511.000000
5640.000000
5695.000000
5659.000000
5456.000000
5750.000000
5530.000000
5751.000000
5566.000000
5695.000000
5604.000000
5493.000000
5658.000000
5935.000000
5732.000000
5438.000000
5732.000000
5493.000000
5658.000000
5382.000000
5529.000000
5603.000000
5419.000000
5548.000000
5456.000000
5732.000000
5603.000000
5603.000000
5530.000000
5604.000000
5530.000000
5733.000000
5622.000000
5769.000000
5548.000000
5732.000000
5530.000000
5732.000000
5530.000000
5787.000000
5714.000000
5695.000000
5732.000000
5640.000000
5585.000000
5714.000000
5622.000000
5769.000000
5603.000000
5751.000000
5603.000000
5880.000000
5456.000000
5640.000000
5751.000000
5401.000000
5641.000000
5548.000000
5603.000000
5548.000000
5659.000000
5567.000000
5750.000000
5677.000000
5493.000000
5456.000000
5585.000000
5548.000000
5493.000000
5474.000000
5474.000000
5641.000000
5640.000000
5548.000000
5788.000000
5640.000000
5843.000000
5585.000000
5566.000000
5511.000000
5769.000000
5549.000000
5769.000000
5548.000000
5603.000000
5456.000000
5530.000000
5419.000000
5659.000000
5825.000000
5585.000000
5658.000000
5714.000000
5437.000000
5548.000000
5806.000000
5438.000000
5492.000000
5788.000000
5585.000000
5788.000000
5677.000000
5640.000000
5511.000000
5695.000000
5511.000000
5529.000000
5788.000000
5622.000000
5603.000000
5400.000000
5732.000000
5419.000000
5714.000000
5419.000000
5603.000000
5474.000000
5529.000000
5732.000000
5658.000000
5585.000000
5585.000000
5530.000000
5733.000000
5585.000000
5787.000000
5400.000000
5769.000000
5604.000000
5696.000000
5603.000000
5640.000000
5566.000000
5566.000000
5512.000000
5511.000000
5585.000000
5604.000000
5438.000000
5788.000000
5511.000000
5511.000000
