203.000000
221.000000
221.000000
221.000000
239.000000
221.000000
259.000000
221.000000
240.000000
221.000000
239.000000
221.000000
221.000000
221.000000
277.000000
221.000000
221.000000
240.000000
239.000000
240.000000
222.000000
221.000000
240.000000
221.000000
240.000000
221.000000
221.000000
258.000000
240.000000
240.000000
239.000000
240.000000
221.000000
240.000000
258.000000
221.000000
239.000000
221.000000
221.000000
203.000000
240.000000
221.000000
240.000000
240.000000
221.000000
221.000000
221.000000
221.000000
240.000000
239.000000
239.000000
221.000000
239.000000
221.000000
239.000000
222.000000
202.000000
222.000000
239.000000
221.000000
240.000000
221.000000
239.000000
258.000000
240.000000
239.000000
221.000000
239.000000
221.000000
239.000000
240.000000
240.000000
221.000000
221.000000
222.000000
258.000000
221.000000
221.000000
222.000000
221.000000
222.000000
240.000000
221.000000
240.000000
221.000000
240.000000
221.000000
221.000000
240.000000
221.000000
240.000000
240.000000
239.000000
221.000000
221.000000
221.000000
221.000000
203.000000
240.000000
222.000000
221.000000
221.000000
239.000000
221.000000
240.000000
221.000000
221.000000
221.000000
221.000000
240.000000
239.000000
239.000000
221.000000
221.000000
222.000000
240.000000
221.000000
221.000000
258.000000
240.000000
240.000000
239.000000
240.000000
239.000000
221.000000
221.000000
221.000000
221.000000
240.000000
258.000000
221.000000
239.000000
240.000000
221.000000
240.000000
221.000000
295.000000
221.000000
203.000000
240.000000
221.000000
221.000000
239.000000
221.000000
239.000000
221.000000
221.000000
221.000000
222.000000
239.000000
240.000000
222.000000
240.000000
221.000000
221.000000
222.000000
221.000000
221.000000
221.000000
222.000000
221.000000
222.000000
221.000000
221.000000
240.000000
221.000000
239.000000
203.000000
221.000000
221.000000
221.000000
240.000000
221.000000
221.000000
221.000000
221.000000
239.000000
221.000000
221.000000
221.000000
222.000000
221.000000
222.000000
221.000000
221.000000
221.000000
221.000000
221.000000
221.000000
221.000000
221.000000
258.000000
240.000000
221.000000
221.000000
221.000000
221.000000
221.000000
240.000000
222.000000
184.000000
203.000000
185.000000
185.000000
184.000000
203.000000
185.000000
221.000000
203.000000
203.000000
203.000000
185.000000
203.000000
184.000000
203.000000
184.000000
203.000000
202.000000
203.000000
203.000000
202.000000
203.000000
184.000000
202.000000
202.000000
184.000000
203.000000
202.000000
202.000000
202.000000
202.000000
202.000000
221.000000
203.000000
202.000000
203.000000
202.000000
222.000000
184.000000
203.000000
203.000000
202.000000
203.000000
203.000000
203.000000
203.000000
203.000000
203.000000
203.000000
221.000000
202.000000
221.000000
203.000000
202.000000
203.000000
203.000000
203.000000
203.000000
203.000000
203.000000
203.000000
202.000000
203.000000
202.000000
203.000000
202.000000
221.000000
203.000000
202.000000
203.000000
203.000000
202.000000
185.000000
203.000000
203.000000
203.000000
203.000000
202.000000
203.000000
203.000000
203.000000
184.000000
203.000000
184.000000
203.000000
203.000000
185.000000
203.000000
203.000000
203.000000
185.000000
203.000000
203.000000
203.000000
202.000000
203.000000
202.000000
202.000000
203.000000
184.000000
221.000000
184.000000
203.000000
184.000000
202.000000
203.000000
203.000000
221.000000
203.000000
203.000000
221.000000
203.000000
203.000000
202.000000
203.000000
239.000000
203.000000
203.000000
202.000000
203.000000
203.000000
203.000000
202.000000
202.000000
184.000000
203.000000
203.000000
203.000000
203.000000
222.000000
202.000000
203.000000
203.000000
203.000000
203.000000
203.000000
203.000000
202.000000
184.000000
203.000000
203.000000
203.000000
203.000000
203.000000
184.000000
185.000000
184.000000
203.000000
202.000000
203.000000
203.000000
203.000000
203.000000
203.000000
295.000000
221.000000
240.000000
221.000000
221.000000
221.000000
240.000000
221.000000
222.000000
221.000000
239.000000
222.000000
203.000000
202.000000
221.000000
240.000000
203.000000
202.000000
221.000000
240.000000
240.000000
221.000000
240.000000
222.000000
221.000000
221.000000
184.000000
221.000000
221.000000
240.000000
203.000000
222.000000
203.000000
239.000000
184.000000
240.000000
222.000000
239.000000
203.000000
240.000000
221.000000
221.000000
184.000000
221.000000
202.000000
221.000000
