1567.000000
1548.000000
1585.000000
1696.000000
1585.000000
1566.000000
1585.000000
1585.000000
1566.000000
1677.000000
1567.000000
1586.000000
1585.000000
1586.000000
1622.000000
1603.000000
1586.000000
1567.000000
1604.000000
1732.000000
1566.000000
1585.000000
1567.000000
1677.000000
1567.000000
1567.000000
1585.000000
1751.000000
1585.000000
1585.000000
1585.000000
1585.000000
1585.000000
1549.000000
1677.000000
1586.000000
1788.000000
1603.000000
1585.000000
1585.000000
1585.000000
1603.000000
1585.000000
1585.000000
1585.000000
1659.000000
1585.000000
1604.000000
1640.000000
1604.000000
1585.000000
1567.000000
1548.000000
1714.000000
1622.000000
1732.000000
1585.000000
1733.000000
1586.000000
1567.000000
1585.000000
1566.000000
1586.000000
1585.000000
1586.000000
1529.000000
1714.000000
1567.000000
1714.000000
1585.000000
1604.000000
1622.000000
1585.000000
1567.000000
1585.000000
1586.000000
1567.000000
1585.000000
1659.000000
1566.000000
1567.000000
1585.000000
1733.000000
1585.000000
1566.000000
1585.000000
1604.000000
1548.000000
1585.000000
1567.000000
1641.000000
1566.000000
1732.000000
1585.000000
1566.000000
1604.000000
1695.000000
1567.000000
1714.000000
1549.000000
1548.000000
1586.000000
1585.000000
1696.000000
1585.000000
1567.000000
1567.000000
1622.000000
1529.000000
1567.000000
1677.000000
1566.000000
1641.000000
1567.000000
1567.000000
1640.000000
1659.000000
1696.000000
1585.000000
1585.000000
1603.000000
1585.000000
1696.000000
1566.000000
1641.000000
1567.000000
1567.000000
1585.000000
1695.000000
1567.000000
1585.000000
1566.000000
1567.000000
1585.000000
1714.000000
1567.000000
1622.000000
1530.000000
1622.000000
1604.000000
1566.000000
1585.000000
1585.000000
1622.000000
1567.000000
1567.000000
1548.000000
1566.000000
1714.000000
1586.000000
1586.000000
1604.000000
1622.000000
1549.000000
1585.000000
1567.000000
1566.000000
1677.000000
1566.000000
1567.000000
1548.000000
1567.000000
2397.000000
1567.000000
1567.000000
1714.000000
1567.000000
1585.000000
1567.000000
1585.000000
1769.000000
1585.000000
1732.000000
1567.000000
1603.000000
1567.000000
1567.000000
1696.000000
1585.000000
1585.000000
1603.000000
1585.000000
1567.000000
1567.000000
1640.000000
1567.000000
1548.000000
1548.000000
1585.000000
1567.000000
1733.000000
1751.000000
1567.000000
1549.000000
1586.000000
1567.000000
1548.000000
1585.000000
1622.000000
1566.000000
1549.000000
1585.000000
1530.000000
1549.000000
1530.000000
1530.000000
1548.000000
1548.000000
1548.000000
1530.000000
1548.000000
1566.000000
1566.000000
1549.000000
1548.000000
1549.000000
1548.000000
1530.000000
1567.000000
1548.000000
1751.000000
1548.000000
1566.000000
1640.000000
1566.000000
1678.000000
1567.000000
1566.000000
1567.000000
1567.000000
1530.000000
1585.000000
1530.000000
1567.000000
1549.000000
1622.000000
1530.000000
1567.000000
1567.000000
1585.000000
1529.000000
1549.000000
1548.000000
1566.000000
1567.000000
1530.000000
1585.000000
1696.000000
1548.000000
1696.000000
1788.000000
1567.000000
1695.000000
1548.000000
1549.000000
1549.000000
1548.000000
1548.000000
1566.000000
1530.000000
1530.000000
1567.000000
1604.000000
1548.000000
1622.000000
1548.000000
1677.000000
1586.000000
1548.000000
1604.000000
1549.000000
1530.000000
1548.000000
1548.000000
1567.000000
1549.000000
1530.000000
1548.000000
1548.000000
1549.000000
1548.000000
1548.000000
1567.000000
1548.000000
1548.000000
1622.000000
1585.000000
1566.000000
1604.000000
1567.000000
1678.000000
1567.000000
1677.000000
1548.000000
1585.000000
1566.000000
1567.000000
1548.000000
1530.000000
1548.000000
1566.000000
1548.000000
1696.000000
1567.000000
1549.000000
1567.000000
1659.000000
1567.000000
1585.000000
1530.000000
1548.000000
1566.000000
1567.000000
1548.000000
1511.000000
1549.000000
1530.000000
1548.000000
1548.000000
1567.000000
1548.000000
1567.000000
1530.000000
1567.000000
1548.000000
1659.000000
1548.000000
1548.000000
1566.000000
1566.000000
1548.000000
1586.000000
1548.000000
1585.000000
1696.000000
1549.000000
1529.000000
1567.000000
1567.000000
1567.000000
1567.000000
1586.000000
1530.000000
1566.000000
1530.000000
1549.000000
1566.000000
1714.000000
1530.000000
1566.000000
1548.000000
1585.000000
1548.000000
1567.000000
1585.000000
1603.000000
1566.000000
1585.000000
1567.000000
1585.000000
1603.000000
1549.000000
1585.000000
1567.000000
1586.000000
1585.000000
1567.000000
1566.000000
1566.000000
1585.000000
1714.000000
1530.000000
1585.000000
1586.000000
1585.000000
1567.000000
1548.000000
1733.000000
1548.000000
1567.000000
1585.000000
1567.000000
1585.000000
1604.000000
1567.000000
1585.000000
1549.000000
1548.000000
1733.000000
1549.000000
1677.000000
1567.000000
1585.000000
1585.000000
1567.000000
1566.000000
1586.000000
1548.000000
1622.000000
1677.000000
