258.000000
258.000000
258.000000
277.000000
277.000000
277.000000
277.000000
258.000000
258.000000
258.000000
258.000000
258.000000
277.000000
258.000000
276.000000
276.000000
240.000000
258.000000
277.000000
258.000000
258.000000
258.000000
258.000000
276.000000
276.000000
276.000000
258.000000
276.000000
258.000000
277.000000
258.000000
258.000000
258.000000
276.000000
258.000000
258.000000
277.000000
258.000000
295.000000
258.000000
258.000000
258.000000
258.000000
259.000000
277.000000
258.000000
277.000000
332.000000
277.000000
277.000000
259.000000
294.000000
276.000000
258.000000
258.000000
276.000000
258.000000
258.000000
276.000000
277.000000
258.000000
258.000000
258.000000
258.000000
277.000000
276.000000
277.000000
276.000000
276.000000
258.000000
258.000000
276.000000
258.000000
277.000000
258.000000
331.000000
258.000000
258.000000
258.000000
258.000000
276.000000
295.000000
277.000000
258.000000
277.000000
258.000000
295.000000
276.000000
258.000000
258.000000
277.000000
258.000000
258.000000
276.000000
276.000000
258.000000
332.000000
276.000000
258.000000
258.000000
277.000000
258.000000
351.000000
276.000000
258.000000
277.000000
276.000000
277.000000
258.000000
258.000000
239.000000
258.000000
276.000000
277.000000
258.000000
276.000000
258.000000
258.000000
258.000000
258.000000
258.000000
258.000000
258.000000
258.000000
276.000000
277.000000
277.000000
332.000000
276.000000
258.000000
258.000000
258.000000
258.000000
258.000000
276.000000
258.000000
240.000000
276.000000
276.000000
258.000000
277.000000
258.000000
258.000000
277.000000
258.000000
277.000000
277.000000
258.000000
258.000000
258.000000
258.000000
240.000000
259.000000
258.000000
258.000000
258.000000
258.000000
258.000000
258.000000
277.000000
258.000000
277.000000
258.000000
277.000000
277.000000
258.000000
258.000000
258.000000
258.000000
258.000000
258.000000
276.000000
277.000000
258.000000
276.000000
258.000000
259.000000
259.000000
258.000000
258.000000
276.000000
277.000000
277.000000
350.000000
258.000000
258.000000
258.000000
258.000000
258.000000
258.000000
258.000000
276.000000
258.000000
258.000000
258.000000
258.000000
276.000000
276.000000
276.000000
258.000000
240.000000
240.000000
258.000000
239.000000
239.000000
240.000000
240.000000
240.000000
239.000000
258.000000
239.000000
240.000000
239.000000
240.000000
239.000000
239.000000
221.000000
239.000000
240.000000
259.000000
258.000000
240.000000
221.000000
240.000000
239.000000
221.000000
258.000000
258.000000
240.000000
240.000000
258.000000
239.000000
239.000000
239.000000
240.000000
239.000000
239.000000
240.000000
222.000000
258.000000
258.000000
240.000000
240.000000
240.000000
240.000000
221.000000
221.000000
240.000000
258.000000
239.000000
222.000000
258.000000
222.000000
239.000000
258.000000
240.000000
221.000000
221.000000
239.000000
240.000000
239.000000
240.000000
239.000000
258.000000
258.000000
239.000000
239.000000
258.000000
239.000000
239.000000
240.000000
276.000000
239.000000
240.000000
258.000000
239.000000
239.000000
240.000000
222.000000
258.000000
240.000000
239.000000
240.000000
239.000000
258.000000
258.000000
240.000000
240.000000
258.000000
240.000000
240.000000
240.000000
258.000000
221.000000
258.000000
258.000000
240.000000
258.000000
258.000000
239.000000
258.000000
313.000000
240.000000
258.000000
258.000000
258.000000
240.000000
258.000000
258.000000
258.000000
240.000000
240.000000
221.000000
240.000000
239.000000
221.000000
258.000000
240.000000
258.000000
240.000000
258.000000
332.000000
258.000000
239.000000
259.000000
258.000000
240.000000
240.000000
295.000000
240.000000
221.000000
240.000000
240.000000
258.000000
240.000000
240.000000
258.000000
258.000000
240.000000
239.000000
221.000000
240.000000
258.000000
240.000000
240.000000
240.000000
240.000000
240.000000
240.000000
369.000000
258.000000
240.000000
240.000000
258.000000
258.000000
258.000000
276.000000
258.000000
258.000000
314.000000
277.000000
276.000000
276.000000
276.000000
369.000000
277.000000
295.000000
258.000000
258.000000
258.000000
277.000000
221.000000
258.000000
258.000000
258.000000
258.000000
258.000000
258.000000
258.000000
258.000000
258.000000
276.000000
258.000000
277.000000
258.000000
258.000000
239.000000
258.000000
277.000000
276.000000
277.000000
258.000000
276.000000
258.000000
258.000000
258.000000
258.000000
258.000000
258.000000
258.000000
