22708.000000
22653.000000
22598.000000
22579.000000
22359.000000
22284.000000
22948.000000
22377.000000
22321.000000
22782.000000
22506.000000
22339.000000
22321.000000
22598.000000
22377.000000
22617.000000
22487.000000
22248.000000
22543.000000
22395.000000
22377.000000
22395.000000
22488.000000
22579.000000
22303.000000
22893.000000
22339.000000
22506.000000
22948.000000
22597.000000
22598.000000
22929.000000
22432.000000
22543.000000
22561.000000
22727.000000
22579.000000
22598.000000
22395.000000
22340.000000
22284.000000
22413.000000
22376.000000
22671.000000
22598.000000
22358.000000
22690.000000
22543.000000
22745.000000
22929.000000
22598.000000
22358.000000
22468.000000
22635.000000
22395.000000
22432.000000
22432.000000
22321.000000
22395.000000
22617.000000
22321.000000
22285.000000
22653.000000
22764.000000
22358.000000
22506.000000
22469.000000
22598.000000
22266.000000
22247.000000
22506.000000
22432.000000
22414.000000
22395.000000
22653.000000
22469.000000
22837.000000
22321.000000
22230.000000
22672.000000
22543.000000
22395.000000
22303.000000
22598.000000
22322.000000
22746.000000
22284.000000
22671.000000
22248.000000
22617.000000
22616.000000
22561.000000
22339.000000
22414.000000
22284.000000
22285.000000
22671.000000
22542.000000
22303.000000
22377.000000
22598.000000
22543.000000
22469.000000
22395.000000
22800.000000
22469.000000
22285.000000
22727.000000
22285.000000
22229.000000
22321.000000
22358.000000
22506.000000
22653.000000
22579.000000
22542.000000
22322.000000
22598.000000
22414.000000
23003.000000
22285.000000
23040.000000
22616.000000
22487.000000
22543.000000
22248.000000
22542.000000
22653.000000
22690.000000
22524.000000
22653.000000
22635.000000
22340.000000
22598.000000
22340.000000
22487.000000
22469.000000
22395.000000
22561.000000
22598.000000
22579.000000
22340.000000
22580.000000
22579.000000
22930.000000
22413.000000
22506.000000
22524.000000
22542.000000
22561.000000
22358.000000
22617.000000
22543.000000
22358.000000
22616.000000
22653.000000
22285.000000
22377.000000
22985.000000
22377.000000
22358.000000
22580.000000
22672.000000
22285.000000
22303.000000
22579.000000
22340.000000
22377.000000
22616.000000
22359.000000
22561.000000
22598.000000
22709.000000
22635.000000
22948.000000
22451.000000
22542.000000
22543.000000
22598.000000
22303.000000
22671.000000
22542.000000
22561.000000
22377.000000
22469.000000
22893.000000
22358.000000
22874.000000
22469.000000
22359.000000
22247.000000
22358.000000
22654.000000
22505.000000
22671.000000
22284.000000
22303.000000
22487.000000
22284.000000
22893.000000
22542.000000
22395.000000
22782.000000
22709.000000
22985.000000
22561.000000
22469.000000
22432.000000
22985.000000
22358.000000
22302.000000
22524.000000
22727.000000
22598.000000
22322.000000
22875.000000
22561.000000
22930.000000
22819.000000
22948.000000
22930.000000
22377.000000
22506.000000
22911.000000
22727.000000
22948.000000
22911.000000
22985.000000
22727.000000
23151.000000
22727.000000
22856.000000
23040.000000
22893.000000
22395.000000
22506.000000
22321.000000
22911.000000
23225.000000
22930.000000
22727.000000
22616.000000
22911.000000
22266.000000
22783.000000
22800.000000
23169.000000
22284.000000
22542.000000
22875.000000
22929.000000
22893.000000
22727.000000
22967.000000
22376.000000
23095.000000
22967.000000
22597.000000
22340.000000
22616.000000
22248.000000
22487.000000
22634.000000
22616.000000
22949.000000
23058.000000
23003.000000
22875.000000
23077.000000
22395.000000
22635.000000
22561.000000
22653.000000
22303.000000
22856.000000
22487.000000
22708.000000
22708.000000
22561.000000
22359.000000
22819.000000
22634.000000
23077.000000
22875.000000
22745.000000
22579.000000
22967.000000
22413.000000
22911.000000
22800.000000
23077.000000
22985.000000
22782.000000
23114.000000
22856.000000
22414.000000
23022.000000
22672.000000
22800.000000
22874.000000
22709.000000
22948.000000
22911.000000
22800.000000
22966.000000
22912.000000
23261.000000
22653.000000
22672.000000
22727.000000
22635.000000
22856.000000
22911.000000
22506.000000
23132.000000
22487.000000
22524.000000
22468.000000
23298.000000
22653.000000
22764.000000
22303.000000
22377.000000
22432.000000
22764.000000
22321.000000
22506.000000
22432.000000
22561.000000
22579.000000
22709.000000
23114.000000
22838.000000
22395.000000
22672.000000
22358.000000
22488.000000
22634.000000
23021.000000
22598.000000
23003.000000
23003.000000
22543.000000
22709.000000
22690.000000
22560.000000
22524.000000
22653.000000
22432.000000
22708.000000
22930.000000
22597.000000
22561.000000
23077.000000
22469.000000
22708.000000
22542.000000
22303.000000
22285.000000
22303.000000
22561.000000
22303.000000
22414.000000
22340.000000
22285.000000
22451.000000
23040.000000
22266.000000
22653.000000
23225.000000
22598.000000
22450.000000
22432.000000
22672.000000
22671.000000
22967.000000
22616.000000
22726.000000
22654.000000
23004.000000
22321.000000
22930.000000
22284.000000
23630.000000
22266.000000
22985.000000
22690.000000
22377.000000
22524.000000
22616.000000
22911.000000
22468.000000
22395.000000
22414.000000
22671.000000
23003.000000
22321.000000
22948.000000
22616.000000
22543.000000
