45527.000000
45158.000000
45361.000000
44809.000000
45343.000000
46025.000000
44643.000000
45343.000000
45527.000000
44754.000000
44809.000000
44680.000000
44901.000000
44772.000000
44698.000000
45195.000000
44753.000000
45269.000000
44993.000000
45638.000000
45527.000000
44975.000000
45565.000000
45491.000000
45306.000000
45269.000000
44790.000000
45232.000000
44680.000000
44735.000000
44698.000000
45306.000000
44735.000000
44809.000000
44680.000000
44680.000000
44809.000000
44772.000000
44790.000000
45233.000000
45325.000000
45546.000000
45049.000000
45528.000000
45085.000000
45158.000000
44790.000000
44790.000000
44993.000000
44642.000000
44754.000000
44753.000000
44606.000000
45361.000000
44679.000000
45288.000000
44624.000000
45509.000000
44901.000000
45085.000000
45325.000000
45306.000000
45546.000000
45214.000000
45306.000000
45214.000000
45343.000000
44680.000000
45288.000000
45380.000000
44716.000000
45564.000000
45067.000000
45307.000000
44754.000000
44753.000000
44606.000000
44735.000000
45288.000000
44661.000000
44625.000000
45251.000000
44753.000000
45343.000000
44920.000000
45601.000000
45030.000000
44698.000000
46523.000000
44679.000000
45435.000000
44735.000000
45362.000000
44717.000000
44790.000000
45269.000000
45324.000000
44753.000000
45602.000000
45011.000000
45454.000000
44698.000000
44698.000000
46688.000000
45196.000000
44716.000000
45362.000000
45232.000000
44846.000000
44624.000000
45307.000000
45583.000000
45638.000000
45509.000000
44680.000000
44809.000000
44643.000000
45379.000000
45214.000000
44845.000000
44606.000000
44772.000000
44734.000000
45159.000000
45344.000000
44938.000000
44975.000000
44919.000000
44827.000000
44698.000000
45601.000000
45287.000000
45269.000000
44624.000000
44809.000000
45177.000000
44698.000000
44643.000000
45214.000000
45011.000000
45066.000000
44827.000000
45233.000000
44643.000000
45196.000000
45270.000000
44716.000000
45343.000000
45288.000000
45103.000000
45361.000000
44716.000000
44680.000000
45472.000000
44937.000000
45269.000000
45251.000000
45306.000000
44735.000000
45269.000000
45177.000000
44735.000000
44901.000000
44845.000000
45196.000000
44698.000000
45583.000000
45619.000000
45011.000000
45195.000000
45398.000000
45416.000000
45233.000000
44698.000000
45288.000000
44569.000000
45472.000000
44735.000000
45159.000000
45324.000000
45251.000000
45694.000000
44643.000000
45214.000000
44956.000000
44661.000000
45343.000000
45251.000000
45306.000000
45361.000000
45270.000000
44901.000000
44772.000000
45583.000000
45527.000000
45620.000000
44808.000000
44680.000000
45214.000000
45325.000000
46172.000000
45638.000000
45859.000000
46080.000000
44882.000000
45601.000000
46118.000000
46210.000000
44827.000000
45731.000000
46375.000000
45933.000000
45896.000000
46136.000000
46154.000000
45638.000000
45546.000000
45232.000000
45288.000000
45399.000000
45214.000000
45730.000000
46136.000000
45657.000000
45583.000000
45306.000000
44808.000000
45269.000000
45049.000000
44864.000000
44716.000000
45398.000000
45233.000000
45324.000000
46117.000000
45619.000000
47315.000000
45527.000000
45583.000000
45233.000000
46118.000000
46228.000000
46302.000000
46025.000000
44735.000000
44790.000000
45233.000000
46265.000000
45509.000000
45288.000000
45029.000000
45546.000000
44791.000000
44827.000000
44643.000000
44716.000000
45233.000000
46246.000000
46081.000000
46044.000000
46135.000000
46210.000000
46375.000000
45140.000000
45620.000000
45196.000000
44845.000000
46062.000000
46099.000000
45601.000000
46062.000000
46080.000000
44716.000000
46043.000000
45362.000000
46007.000000
46247.000000
46173.000000
46099.000000
45988.000000
46081.000000
46007.000000
44919.000000
45214.000000
45509.000000
45786.000000
45288.000000
45694.000000
45896.000000
45030.000000
45232.000000
44753.000000
45270.000000
45196.000000
44790.000000
46025.000000
45361.000000
45232.000000
44771.000000
44790.000000
44919.000000
44956.000000
45730.000000
45269.000000
44790.000000
44624.000000
45122.000000
44734.000000
44771.000000
44661.000000
45749.000000
44845.000000
45232.000000
46357.000000
45602.000000
45989.000000
46006.000000
45343.000000
45121.000000
44846.000000
44753.000000
45601.000000
45583.000000
46173.000000
45582.000000
46135.000000
45877.000000
46449.000000
46265.000000
45509.000000
44716.000000
45233.000000
45195.000000
46099.000000
45970.000000
46339.000000
46080.000000
44717.000000
45435.000000
45564.000000
45583.000000
45307.000000
45490.000000
46228.000000
45693.000000
45730.000000
46135.000000
45693.000000
46043.000000
45343.000000
44661.000000
46339.000000
46430.000000
44643.000000
45749.000000
45767.000000
45196.000000
45251.000000
44717.000000
44624.000000
44753.000000
46283.000000
45177.000000
44734.000000
45380.000000
45620.000000
44809.000000
46191.000000
45730.000000
45786.000000
44809.000000
45564.000000
45380.000000
45159.000000
44679.000000
45269.000000
45878.000000
45638.000000
46117.000000
45233.000000
44735.000000
45619.000000
45675.000000
44882.000000
44790.000000
45859.000000
44845.000000
45104.000000
44901.000000
45233.000000
45159.000000
45269.000000
44772.000000
45638.000000
44680.000000
45159.000000
44735.000000
45214.000000
46338.000000
45270.000000
