479.000000
608.000000
479.000000
479.000000
498.000000
480.000000
479.000000
701.000000
461.000000
479.000000
479.000000
479.000000
480.000000
479.000000
480.000000
461.000000
479.000000
571.000000
479.000000
479.000000
479.000000
479.000000
461.000000
516.000000
461.000000
479.000000
498.000000
479.000000
479.000000
497.000000
497.000000
479.000000
479.000000
479.000000
479.000000
497.000000
497.000000
479.000000
480.000000
479.000000
479.000000
498.000000
479.000000
497.000000
461.000000
479.000000
479.000000
479.000000
479.000000
497.000000
479.000000
479.000000
479.000000
461.000000
479.000000
479.000000
461.000000
479.000000
461.000000
479.000000
480.000000
497.000000
479.000000
479.000000
479.000000
460.000000
498.000000
571.000000
479.000000
479.000000
480.000000
498.000000
479.000000
479.000000
480.000000
479.000000
480.000000
460.000000
498.000000
572.000000
479.000000
480.000000
461.000000
479.000000
498.000000
480.000000
480.000000
498.000000
498.000000
461.000000
479.000000
480.000000
479.000000
480.000000
479.000000
498.000000
460.000000
479.000000
480.000000
461.000000
479.000000
461.000000
479.000000
460.000000
460.000000
461.000000
497.000000
497.000000
480.000000
479.000000
479.000000
553.000000
479.000000
497.000000
498.000000
480.000000
497.000000
479.000000
479.000000
498.000000
479.000000
498.000000
479.000000
608.000000
479.000000
480.000000
479.000000
479.000000
479.000000
461.000000
480.000000
498.000000
479.000000
480.000000
498.000000
479.000000
479.000000
553.000000
498.000000
479.000000
479.000000
480.000000
497.000000
497.000000
461.000000
479.000000
461.000000
461.000000
480.000000
480.000000
498.000000
553.000000
498.000000
479.000000
497.000000
480.000000
479.000000
498.000000
479.000000
479.000000
479.000000
479.000000
480.000000
480.000000
479.000000
479.000000
626.000000
480.000000
480.000000
498.000000
498.000000
480.000000
479.000000
498.000000
479.000000
480.000000
461.000000
479.000000
461.000000
479.000000
480.000000
479.000000
479.000000
498.000000
497.000000
498.000000
479.000000
479.000000
479.000000
479.000000
461.000000
461.000000
498.000000
479.000000
461.000000
479.000000
479.000000
480.000000
461.000000
498.000000
479.000000
461.000000
461.000000
479.000000
480.000000
479.000000
460.000000
460.000000
3723.000000
461.000000
461.000000
461.000000
461.000000
460.000000
461.000000
461.000000
461.000000
460.000000
443.000000
461.000000
461.000000
479.000000
461.000000
479.000000
480.000000
553.000000
534.000000
460.000000
479.000000
461.000000
479.000000
479.000000
480.000000
479.000000
461.000000
461.000000
461.000000
480.000000
479.000000
461.000000
461.000000
461.000000
480.000000
461.000000
461.000000
461.000000
461.000000
460.000000
461.000000
480.000000
480.000000
442.000000
479.000000
461.000000
479.000000
479.000000
479.000000
461.000000
461.000000
479.000000
443.000000
460.000000
480.000000
461.000000
461.000000
461.000000
461.000000
590.000000
461.000000
479.000000
461.000000
460.000000
461.000000
442.000000
461.000000
461.000000
461.000000
460.000000
460.000000
479.000000
461.000000
479.000000
479.000000
461.000000
479.000000
479.000000
479.000000
460.000000
461.000000
479.000000
461.000000
461.000000
479.000000
461.000000
479.000000
516.000000
461.000000
479.000000
479.000000
479.000000
480.000000
479.000000
442.000000
479.000000
461.000000
479.000000
479.000000
608.000000
479.000000
461.000000
461.000000
461.000000
461.000000
443.000000
479.000000
461.000000
461.000000
461.000000
461.000000
479.000000
460.000000
479.000000
461.000000
461.000000
461.000000
480.000000
461.000000
460.000000
461.000000
460.000000
461.000000
479.000000
461.000000
480.000000
460.000000
461.000000
461.000000
461.000000
480.000000
479.000000
460.000000
480.000000
461.000000
479.000000
442.000000
461.000000
461.000000
442.000000
480.000000
480.000000
461.000000
479.000000
461.000000
498.000000
480.000000
480.000000
497.000000
479.000000
479.000000
479.000000
460.000000
479.000000
461.000000
480.000000
461.000000
480.000000
479.000000
461.000000
461.000000
479.000000
498.000000
497.000000
497.000000
479.000000
480.000000
460.000000
480.000000
479.000000
479.000000
479.000000
479.000000
479.000000
497.000000
479.000000
461.000000
480.000000
461.000000
480.000000
480.000000
534.000000
480.000000
479.000000
479.000000
479.000000
497.000000
479.000000
479.000000
479.000000
498.000000
497.000000
