331.000000
332.000000
331.000000
332.000000
313.000000
332.000000
314.000000
332.000000
332.000000
331.000000
332.000000
313.000000
313.000000
331.000000
331.000000
313.000000
313.000000
350.000000
313.000000
332.000000
332.000000
332.000000
313.000000
332.000000
313.000000
314.000000
313.000000
331.000000
332.000000
332.000000
332.000000
332.000000
332.000000
332.000000
405.000000
313.000000
332.000000
313.000000
313.000000
314.000000
332.000000
331.000000
313.000000
351.000000
332.000000
313.000000
332.000000
314.000000
331.000000
369.000000
314.000000
314.000000
332.000000
331.000000
350.000000
369.000000
313.000000
332.000000
332.000000
314.000000
350.000000
313.000000
332.000000
332.000000
331.000000
313.000000
331.000000
351.000000
331.000000
314.000000
332.000000
331.000000
314.000000
313.000000
332.000000
331.000000
332.000000
313.000000
331.000000
331.000000
313.000000
331.000000
332.000000
313.000000
313.000000
331.000000
331.000000
331.000000
332.000000
313.000000
331.000000
332.000000
331.000000
313.000000
351.000000
332.000000
331.000000
332.000000
332.000000
332.000000
332.000000
314.000000
332.000000
331.000000
332.000000
332.000000
331.000000
332.000000
332.000000
332.000000
442.000000
332.000000
332.000000
313.000000
331.000000
313.000000
331.000000
313.000000
332.000000
331.000000
332.000000
332.000000
480.000000
351.000000
332.000000
313.000000
314.000000
314.000000
314.000000
332.000000
313.000000
332.000000
332.000000
313.000000
332.000000
332.000000
351.000000
332.000000
313.000000
331.000000
332.000000
313.000000
350.000000
332.000000
332.000000
332.000000
313.000000
314.000000
332.000000
332.000000
313.000000
314.000000
332.000000
350.000000
314.000000
313.000000
313.000000
314.000000
331.000000
313.000000
331.000000
332.000000
332.000000
332.000000
332.000000
424.000000
350.000000
332.000000
332.000000
332.000000
461.000000
332.000000
443.000000
332.000000
332.000000
332.000000
331.000000
313.000000
332.000000
313.000000
350.000000
350.000000
332.000000
332.000000
351.000000
350.000000
332.000000
331.000000
313.000000
331.000000
331.000000
331.000000
332.000000
331.000000
313.000000
332.000000
331.000000
331.000000
332.000000
331.000000
331.000000
332.000000
314.000000
313.000000
314.000000
313.000000
313.000000
313.000000
332.000000
313.000000
313.000000
313.000000
313.000000
332.000000
331.000000
332.000000
313.000000
314.000000
314.000000
332.000000
295.000000
295.000000
314.000000
313.000000
295.000000
313.000000
313.000000
313.000000
331.000000
295.000000
313.000000
295.000000
295.000000
295.000000
313.000000
314.000000
313.000000
295.000000
313.000000
295.000000
314.000000
313.000000
313.000000
332.000000
313.000000
295.000000
295.000000
313.000000
314.000000
313.000000
295.000000
313.000000
314.000000
313.000000
295.000000
314.000000
314.000000
332.000000
332.000000
313.000000
313.000000
314.000000
332.000000
295.000000
295.000000
332.000000
295.000000
332.000000
313.000000
332.000000
331.000000
332.000000
332.000000
314.000000
314.000000
313.000000
331.000000
332.000000
332.000000
332.000000
314.000000
332.000000
313.000000
313.000000
313.000000
295.000000
314.000000
314.000000
313.000000
314.000000
295.000000
313.000000
295.000000
331.000000
295.000000
313.000000
332.000000
313.000000
313.000000
314.000000
314.000000
313.000000
332.000000
313.000000
294.000000
314.000000
313.000000
313.000000
314.000000
313.000000
331.000000
313.000000
332.000000
313.000000
331.000000
313.000000
313.000000
332.000000
314.000000
313.000000
313.000000
313.000000
313.000000
331.000000
332.000000
313.000000
314.000000
332.000000
313.000000
332.000000
332.000000
295.000000
313.000000
295.000000
313.000000
313.000000
314.000000
313.000000
313.000000
314.000000
314.000000
295.000000
314.000000
313.000000
313.000000
313.000000
313.000000
314.000000
331.000000
313.000000
331.000000
314.000000
314.000000
331.000000
313.000000
331.000000
313.000000
314.000000
314.000000
313.000000
424.000000
314.000000
332.000000
331.000000
314.000000
479.000000
331.000000
479.000000
313.000000
313.000000
332.000000
331.000000
313.000000
331.000000
331.000000
313.000000
332.000000
332.000000
331.000000
442.000000
332.000000
498.000000
314.000000
332.000000
313.000000
332.000000
351.000000
314.000000
313.000000
332.000000
332.000000
332.000000
313.000000
331.000000
314.000000
313.000000
332.000000
332.000000
313.000000
332.000000
