848.000000
1309.000000
1217.000000
1106.000000
1179.000000
1309.000000
1235.000000
995.000000
1162.000000
1253.000000
1345.000000
1106.000000
1143.000000
1493.000000
1530.000000
1309.000000
1033.000000
959.000000
1124.000000
1180.000000
829.000000
1050.000000
977.000000
1235.000000
1125.000000
553.000000
1198.000000
1622.000000
1161.000000
903.000000
1124.000000
1254.000000
829.000000
1198.000000
958.000000
756.000000
1143.000000
756.000000
847.000000
1106.000000
995.000000
941.000000
1142.000000
1088.000000
885.000000
847.000000
737.000000
2193.000000
1179.000000
1530.000000
1382.000000
1124.000000
1383.000000
1198.000000
792.000000
885.000000
1364.000000
885.000000
682.000000
1290.000000
2102.000000
1106.000000
830.000000
1124.000000
609.000000
1179.000000
1032.000000
627.000000
1180.000000
719.000000
571.000000
1217.000000
682.000000
977.000000
1327.000000
1051.000000
867.000000
1014.000000
1253.000000
1659.000000
977.000000
2230.000000
1216.000000
903.000000
1180.000000
1401.000000
1290.000000
1530.000000
1051.000000
1235.000000
700.000000
977.000000
1364.000000
885.000000
922.000000
1014.000000
1014.000000
1327.000000
1069.000000
1475.000000
1475.000000
921.000000
1105.000000
1253.000000
1364.000000
1216.000000
1327.000000
1529.000000
1254.000000
1291.000000
1290.000000
829.000000
1327.000000
1124.000000
1124.000000
811.000000
1088.000000
1254.000000
959.000000
922.000000
1401.000000
516.000000
1254.000000
590.000000
1327.000000
2359.000000
1106.000000
1419.000000
1309.000000
1290.000000
1217.000000
1143.000000
958.000000
1106.000000
1475.000000
1088.000000
1143.000000
1345.000000
682.000000
904.000000
590.000000
1161.000000
1106.000000
1050.000000
1180.000000
922.000000
1050.000000
627.000000
959.000000
737.000000
1512.000000
1124.000000
1014.000000
885.000000
756.000000
10709.000000
1051.000000
1254.000000
1180.000000
811.000000
1106.000000
1217.000000
959.000000
627.000000
1216.000000
1032.000000
885.000000
1161.000000
1328.000000
884.000000
1051.000000
1161.000000
1143.000000
1217.000000
958.000000
903.000000
1106.000000
977.000000
1014.000000
921.000000
1088.000000
1179.000000
1087.000000
664.000000
1271.000000
1125.000000
922.000000
995.000000
1328.000000
1290.000000
1106.000000
1511.000000
1069.000000
1383.000000
866.000000
1272.000000
1198.000000
866.000000
534.000000
1161.000000
