2323.000000
2249.000000
2138.000000
2286.000000
2286.000000
2414.000000
2064.000000
2230.000000
2323.000000
2194.000000
2267.000000
2138.000000
2211.000000
2489.000000
2286.000000
2451.000000
2322.000000
2009.000000
2175.000000
1916.000000
2267.000000
2009.000000
1493.000000
2194.000000
2193.000000
2285.000000
2009.000000
2341.000000
2230.000000
2064.000000
1880.000000
2304.000000
1290.000000
2249.000000
2285.000000
2340.000000
2304.000000
2396.000000
2396.000000
2193.000000
2396.000000
1936.000000
1843.000000
2304.000000
2323.000000
2377.000000
2230.000000
2433.000000
2322.000000
2211.000000
1936.000000
2323.000000
2249.000000
1769.000000
2083.000000
2193.000000
2212.000000
2341.000000
2304.000000
2304.000000
2120.000000
2194.000000
2340.000000
2194.000000
2322.000000
2249.000000
2359.000000
2249.000000
2249.000000
2193.000000
2341.000000
2507.000000
2378.000000
2285.000000
2304.000000
2341.000000
2304.000000
2249.000000
2857.000000
2211.000000
2304.000000
2193.000000
2230.000000
2248.000000
2304.000000
2488.000000
2341.000000
2175.000000
2286.000000
2322.000000
2175.000000
2267.000000
1733.000000
1659.000000
2268.000000
2322.000000
2341.000000
2359.000000
2175.000000
3096.000000
2119.000000
1991.000000
2360.000000
2267.000000
2507.000000
2360.000000
2378.000000
2083.000000
2340.000000
2286.000000
2009.000000
2120.000000
2304.000000
2360.000000
2322.000000
2360.000000
2230.000000
2194.000000
3465.000000
2341.000000
2230.000000
2322.000000
2157.000000
2322.000000
2506.000000
2175.000000
2249.000000
2157.000000
2027.000000
2267.000000
2286.000000
2286.000000
2304.000000
2268.000000
2230.000000
2304.000000
2231.000000
2175.000000
2248.000000
2304.000000
2194.000000
1972.000000
2230.000000
2230.000000
2396.000000
2249.000000
2175.000000
2359.000000
2082.000000
2341.000000
2359.000000
2286.000000
2304.000000
2027.000000
2212.000000
2157.000000
2286.000000
2341.000000
2359.000000
2323.000000
2304.000000
1898.000000
2212.000000
2046.000000
2359.000000
2157.000000
2323.000000
2249.000000
2322.000000
2267.000000
2378.000000
1880.000000
2156.000000
1862.000000
2267.000000
2340.000000
2157.000000
2285.000000
2322.000000
2323.000000
2046.000000
2230.000000
2138.000000
2378.000000
2304.000000
2175.000000
2230.000000
2304.000000
2120.000000
2138.000000
2212.000000
2322.000000
2194.000000
2212.000000
2341.000000
2175.000000
1696.000000
2230.000000
2231.000000
2010.000000
