608.000000
700.000000
645.000000
700.000000
461.000000
516.000000
589.000000
664.000000
442.000000
590.000000
553.000000
461.000000
590.000000
295.000000
663.000000
608.000000
627.000000
627.000000
664.000000
682.000000
534.000000
645.000000
608.000000
682.000000
664.000000
461.000000
516.000000
627.000000
608.000000
553.000000
590.000000
627.000000
589.000000
645.000000
608.000000
553.000000
589.000000
553.000000
627.000000
1511.000000
571.000000
590.000000
1272.000000
461.000000
479.000000
479.000000
424.000000
442.000000
645.000000
646.000000
442.000000
608.000000
498.000000
719.000000
535.000000
571.000000
498.000000
608.000000
553.000000
461.000000
608.000000
682.000000
682.000000
571.000000
461.000000
645.000000
590.000000
608.000000
609.000000
516.000000
700.000000
516.000000
664.000000
534.000000
645.000000
590.000000
663.000000
626.000000
571.000000
516.000000
663.000000
645.000000
682.000000
627.000000
590.000000
572.000000
1051.000000
608.000000
627.000000
627.000000
516.000000
553.000000
609.000000
608.000000
645.000000
553.000000
350.000000
590.000000
498.000000
571.000000
663.000000
534.000000
553.000000
626.000000
2027.000000
663.000000
589.000000
442.000000
553.000000
976.000000
534.000000
571.000000
663.000000
664.000000
405.000000
608.000000
571.000000
517.000000
479.000000
461.000000
516.000000
664.000000
609.000000
535.000000
498.000000
626.000000
645.000000
608.000000
572.000000
608.000000
903.000000
516.000000
627.000000
627.000000
608.000000
626.000000
609.000000
571.000000
719.000000
498.000000
479.000000
442.000000
516.000000
996.000000
350.000000
590.000000
497.000000
627.000000
479.000000
663.000000
498.000000
498.000000
627.000000
626.000000
553.000000
682.000000
645.000000
664.000000
663.000000
664.000000
627.000000
553.000000
608.000000
664.000000
535.000000
626.000000
626.000000
498.000000
461.000000
719.000000
351.000000
645.000000
663.000000
553.000000
571.000000
609.000000
626.000000
1032.000000
626.000000
498.000000
663.000000
646.000000
516.000000
498.000000
682.000000
608.000000
1512.000000
682.000000
553.000000
479.000000
608.000000
387.000000
682.000000
682.000000
682.000000
498.000000
498.000000
645.000000
738.000000
480.000000
