719.000000
701.000000
682.000000
1088.000000
718.000000
774.000000
719.000000
737.000000
663.000000
756.000000
756.000000
719.000000
682.000000
701.000000
756.000000
701.000000
737.000000
774.000000
811.000000
700.000000
793.000000
755.000000
848.000000
737.000000
701.000000
590.000000
738.000000
866.000000
664.000000
608.000000
867.000000
240.000000
775.000000
719.000000
682.000000
682.000000
1622.000000
1087.000000
719.000000
682.000000
847.000000
848.000000
682.000000
775.000000
1125.000000
940.000000
682.000000
682.000000
719.000000
756.000000
682.000000
866.000000
682.000000
701.000000
701.000000
738.000000
738.000000
737.000000
701.000000
737.000000
664.000000
664.000000
719.000000
277.000000
719.000000
663.000000
664.000000
719.000000
682.000000
756.000000
645.000000
700.000000
737.000000
645.000000
663.000000
793.000000
700.000000
443.000000
701.000000
700.000000
682.000000
424.000000
645.000000
755.000000
756.000000
811.000000
682.000000
774.000000
848.000000
682.000000
719.000000
977.000000
885.000000
719.000000
700.000000
737.000000
700.000000
792.000000
756.000000
645.000000
719.000000
774.000000
756.000000
682.000000
829.000000
645.000000
719.000000
700.000000
719.000000
811.000000
608.000000
608.000000
701.000000
682.000000
664.000000
682.000000
774.000000
718.000000
774.000000
1106.000000
682.000000
738.000000
700.000000
756.000000
737.000000
793.000000
719.000000
608.000000
738.000000
719.000000
553.000000
700.000000
627.000000
756.000000
645.000000
1014.000000
738.000000
738.000000
682.000000
627.000000
829.000000
626.000000
995.000000
774.000000
756.000000
663.000000
664.000000
646.000000
738.000000
755.000000
627.000000
719.000000
793.000000
719.000000
682.000000
719.000000
627.000000
682.000000
848.000000
682.000000
682.000000
664.000000
682.000000
756.000000
701.000000
719.000000
627.000000
756.000000
664.000000
701.000000
682.000000
1309.000000
664.000000
645.000000
203.000000
867.000000
700.000000
627.000000
590.000000
682.000000
701.000000
664.000000
553.000000
866.000000
756.000000
664.000000
719.000000
718.000000
755.000000
774.000000
718.000000
682.000000
682.000000
719.000000
737.000000
811.000000
682.000000
627.000000
719.000000
811.000000
