2544.000000
1327.000000
1272.000000
1272.000000
1548.000000
1585.000000
1566.000000
1530.000000
2157.000000
1549.000000
829.000000
1401.000000
1493.000000
1217.000000
995.000000
1474.000000
1327.000000
1604.000000
1069.000000
1290.000000
1364.000000
1512.000000
1143.000000
1549.000000
958.000000
1640.000000
1530.000000
1051.000000
1032.000000
1512.000000
1272.000000
995.000000
1033.000000
1751.000000
1272.000000
1124.000000
1548.000000
1364.000000
1345.000000
1751.000000
1548.000000
1659.000000
1180.000000
1511.000000
1235.000000
1050.000000
1161.000000
1253.000000
996.000000
1087.000000
1566.000000
1014.000000
1382.000000
1475.000000
1567.000000
1069.000000
1290.000000
1364.000000
1309.000000
1438.000000
1051.000000
1235.000000
1087.000000
1290.000000
1162.000000
1198.000000
1180.000000
1641.000000
1770.000000
1087.000000
1125.000000
1419.000000
1493.000000
2654.000000
1567.000000
1309.000000
1198.000000
1291.000000
1604.000000
1549.000000
1162.000000
1566.000000
1327.000000
1272.000000
1013.000000
1530.000000
1217.000000
1530.000000
1069.000000
1474.000000
2507.000000
1493.000000
977.000000
1493.000000
1327.000000
1401.000000
1051.000000
1475.000000
1475.000000
1511.000000
1548.000000
1309.000000
1622.000000
1548.000000
1272.000000
976.000000
959.000000
2710.000000
1143.000000
1309.000000
1124.000000
1032.000000
1327.000000
1567.000000
1549.000000
2414.000000
1696.000000
1142.000000
1271.000000
1327.000000
1641.000000
1383.000000
1696.000000
1253.000000
1179.000000
1622.000000
1272.000000
1733.000000
1162.000000
996.000000
1622.000000
2728.000000
1530.000000
1088.000000
1566.000000
1567.000000
1106.000000
1512.000000
1088.000000
1861.000000
1364.000000
1364.000000
1419.000000
1291.000000
1474.000000
1346.000000
1382.000000
1162.000000
1346.000000
1511.000000
1161.000000
1309.000000
1401.000000
1383.000000
1014.000000
1106.000000
1014.000000
2691.000000
1106.000000
1013.000000
1087.000000
1438.000000
1604.000000
1604.000000
1198.000000
1272.000000
1474.000000
995.000000
1106.000000
1530.000000
1382.000000
1474.000000
1125.000000
1346.000000
1474.000000
1456.000000
1567.000000
1124.000000
1401.000000
1603.000000
2747.000000
1456.000000
1420.000000
1695.000000
1493.000000
1401.000000
1217.000000
1530.000000
1272.000000
1346.000000
1070.000000
1125.000000
1401.000000
1474.000000
1419.000000
1585.000000
1493.000000
2728.000000
1106.000000
1014.000000
