738.000000
663.000000
1641.000000
755.000000
682.000000
719.000000
977.000000
719.000000
719.000000
848.000000
664.000000
737.000000
701.000000
738.000000
774.000000
811.000000
756.000000
830.000000
700.000000
774.000000
756.000000
811.000000
737.000000
756.000000
866.000000
645.000000
755.000000
645.000000
700.000000
718.000000
737.000000
811.000000
663.000000
774.000000
682.000000
737.000000
811.000000
1014.000000
719.000000
700.000000
737.000000
829.000000
645.000000
958.000000
664.000000
700.000000
590.000000
718.000000
958.000000
866.000000
829.000000
701.000000
811.000000
811.000000
737.000000
737.000000
737.000000
774.000000
774.000000
682.000000
903.000000
682.000000
830.000000
682.000000
737.000000
700.000000
2857.000000
756.000000
756.000000
1677.000000
774.000000
719.000000
830.000000
737.000000
737.000000
738.000000
958.000000
959.000000
719.000000
700.000000
719.000000
737.000000
221.000000
663.000000
811.000000
682.000000
792.000000
682.000000
719.000000
774.000000
737.000000
719.000000
700.000000
737.000000
718.000000
664.000000
774.000000
793.000000
682.000000
793.000000
867.000000
664.000000
295.000000
663.000000
277.000000
534.000000
682.000000
755.000000
774.000000
756.000000
719.000000
664.000000
830.000000
774.000000
755.000000
737.000000
627.000000
866.000000
4718.000000
774.000000
737.000000
295.000000
737.000000
830.000000
811.000000
663.000000
719.000000
737.000000
756.000000
866.000000
701.000000
719.000000
866.000000
682.000000
885.000000
682.000000
682.000000
701.000000
1345.000000
774.000000
737.000000
2065.000000
719.000000
700.000000
719.000000
774.000000
737.000000
774.000000
682.000000
885.000000
516.000000
793.000000
738.000000
645.000000
1217.000000
719.000000
737.000000
239.000000
719.000000
848.000000
755.000000
701.000000
719.000000
718.000000
737.000000
700.000000
682.000000
829.000000
774.000000
682.000000
718.000000
719.000000
793.000000
1088.000000
1401.000000
258.000000
738.000000
756.000000
663.000000
700.000000
737.000000
774.000000
756.000000
1714.000000
738.000000
645.000000
737.000000
774.000000
645.000000
829.000000
811.000000
737.000000
756.000000
1309.000000
737.000000
738.000000
313.000000
792.000000
737.000000
701.000000
