719.000000
719.000000
700.000000
701.000000
295.000000
369.000000
829.000000
719.000000
571.000000
314.000000
719.000000
700.000000
737.000000
700.000000
737.000000
755.000000
700.000000
774.000000
700.000000
663.000000
700.000000
700.000000
1069.000000
664.000000
866.000000
774.000000
830.000000
682.000000
664.000000
719.000000
682.000000
701.000000
774.000000
682.000000
682.000000
737.000000
700.000000
718.000000
737.000000
664.000000
774.000000
664.000000
719.000000
1088.000000
756.000000
738.000000
811.000000
682.000000
811.000000
719.000000
314.000000
701.000000
995.000000
792.000000
626.000000
682.000000
756.000000
774.000000
738.000000
756.000000
682.000000
701.000000
719.000000
682.000000
277.000000
1585.000000
664.000000
755.000000
793.000000
737.000000
627.000000
682.000000
811.000000
719.000000
719.000000
1548.000000
701.000000
663.000000
756.000000
737.000000
719.000000
516.000000
700.000000
700.000000
867.000000
866.000000
774.000000
738.000000
682.000000
866.000000
829.000000
664.000000
663.000000
682.000000
682.000000
829.000000
221.000000
811.000000
829.000000
719.000000
682.000000
756.000000
700.000000
755.000000
774.000000
756.000000
664.000000
682.000000
756.000000
682.000000
627.000000
848.000000
1216.000000
940.000000
682.000000
700.000000
774.000000
663.000000
738.000000
792.000000
756.000000
756.000000
719.000000
755.000000
903.000000
737.000000
737.000000
792.000000
664.000000
572.000000
830.000000
719.000000
738.000000
737.000000
718.000000
719.000000
866.000000
737.000000
774.000000
774.000000
718.000000
331.000000
792.000000
682.000000
627.000000
756.000000
700.000000
811.000000
848.000000
645.000000
350.000000
663.000000
479.000000
756.000000
590.000000
774.000000
811.000000
719.000000
756.000000
608.000000
718.000000
793.000000
664.000000
701.000000
1714.000000
700.000000
571.000000
755.000000
646.000000
738.000000
756.000000
682.000000
737.000000
719.000000
756.000000
719.000000
738.000000
848.000000
737.000000
737.000000
719.000000
663.000000
738.000000
738.000000
682.000000
756.000000
848.000000
701.000000
737.000000
793.000000
719.000000
830.000000
756.000000
700.000000
737.000000
738.000000
774.000000
756.000000
737.000000
719.000000
