1456.000000
1364.000000
1511.000000
1493.000000
1345.000000
1088.000000
1419.000000
1419.000000
1050.000000
1032.000000
1032.000000
1328.000000
1383.000000
1437.000000
1567.000000
1511.000000
1162.000000
1493.000000
995.000000
1309.000000
1088.000000
1346.000000
1235.000000
1364.000000
1253.000000
1420.000000
1493.000000
995.000000
1327.000000
1530.000000
1438.000000
1511.000000
1105.000000
1198.000000
1383.000000
1603.000000
1493.000000
1511.000000
1051.000000
1493.000000
2691.000000
995.000000
1567.000000
1511.000000
1253.000000
1585.000000
1714.000000
1254.000000
1622.000000
1143.000000
1087.000000
1678.000000
2452.000000
1032.000000
1511.000000
1364.000000
1456.000000
977.000000
1659.000000
1585.000000
1087.000000
1291.000000
1272.000000
1161.000000
1401.000000
1456.000000
1161.000000
1420.000000
1420.000000
1309.000000
1529.000000
1493.000000
1216.000000
1254.000000
1457.000000
1475.000000
1069.000000
1529.000000
1143.000000
1659.000000
1309.000000
1198.000000
1088.000000
1050.000000
1272.000000
1088.000000
1050.000000
1364.000000
1549.000000
1438.000000
1456.000000
1585.000000
1327.000000
1769.000000
1659.000000
1051.000000
1088.000000
1493.000000
1530.000000
1253.000000
2562.000000
1585.000000
1013.000000
1438.000000
1014.000000
1438.000000
1493.000000
1235.000000
1530.000000
1364.000000
1493.000000
1456.000000
1272.000000
1106.000000
1493.000000
995.000000
1732.000000
1438.000000
1327.000000
1475.000000
1456.000000
1124.000000
1069.000000
1585.000000
1069.000000
1161.000000
958.000000
1567.000000
1603.000000
1050.000000
1198.000000
1493.000000
1143.000000
1382.000000
1511.000000
2267.000000
1253.000000
1051.000000
1106.000000
1272.000000
1308.000000
1346.000000
1346.000000
1088.000000
1014.000000
1512.000000
1125.000000
1456.000000
1530.000000
1659.000000
1382.000000
1419.000000
1309.000000
1493.000000
1456.000000
1548.000000
1290.000000
1548.000000
1382.000000
1622.000000
1014.000000
1328.000000
1235.000000
1124.000000
1088.000000
1788.000000
1530.000000
1364.000000
1382.000000
1014.000000
1235.000000
1567.000000
1014.000000
1622.000000
1512.000000
1511.000000
1585.000000
1272.000000
1475.000000
1125.000000
1291.000000
1383.000000
1106.000000
1512.000000
1641.000000
1032.000000
1493.000000
2654.000000
1641.000000
1069.000000
1087.000000
3115.000000
1033.000000
1216.000000
1271.000000
1714.000000
1548.000000
1511.000000
1530.000000
1549.000000
