645.000000
664.000000
756.000000
664.000000
756.000000
664.000000
701.000000
663.000000
737.000000
700.000000
701.000000
719.000000
737.000000
903.000000
756.000000
682.000000
737.000000
737.000000
682.000000
719.000000
737.000000
240.000000
700.000000
645.000000
2267.000000
848.000000
848.000000
700.000000
737.000000
774.000000
793.000000
646.000000
811.000000
701.000000
1530.000000
737.000000
663.000000
700.000000
756.000000
792.000000
700.000000
700.000000
682.000000
737.000000
700.000000
737.000000
719.000000
627.000000
682.000000
737.000000
627.000000
498.000000
866.000000
737.000000
848.000000
277.000000
701.000000
663.000000
756.000000
2248.000000
719.000000
738.000000
719.000000
719.000000
646.000000
792.000000
663.000000
239.000000
627.000000
682.000000
719.000000
738.000000
701.000000
682.000000
719.000000
719.000000
682.000000
682.000000
995.000000
719.000000
719.000000
664.000000
737.000000
737.000000
701.000000
664.000000
700.000000
756.000000
737.000000
700.000000
718.000000
701.000000
700.000000
738.000000
682.000000
719.000000
664.000000
700.000000
443.000000
848.000000
922.000000
811.000000
719.000000
1125.000000
701.000000
719.000000
645.000000
792.000000
719.000000
701.000000
626.000000
627.000000
719.000000
681.000000
719.000000
719.000000
866.000000
627.000000
664.000000
682.000000
700.000000
718.000000
756.000000
700.000000
811.000000
904.000000
719.000000
995.000000
737.000000
663.000000
793.000000
792.000000
627.000000
756.000000
774.000000
682.000000
737.000000
1216.000000
755.000000
719.000000
646.000000
682.000000
719.000000
719.000000
608.000000
719.000000
1014.000000
645.000000
663.000000
664.000000
737.000000
811.000000
719.000000
829.000000
774.000000
738.000000
664.000000
627.000000
1014.000000
682.000000
847.000000
627.000000
700.000000
792.000000
645.000000
738.000000
738.000000
756.000000
866.000000
664.000000
719.000000
737.000000
700.000000
904.000000
1032.000000
829.000000
737.000000
719.000000
627.000000
738.000000
792.000000
755.000000
701.000000
793.000000
258.000000
737.000000
701.000000
700.000000
737.000000
738.000000
627.000000
719.000000
774.000000
701.000000
719.000000
774.000000
829.000000
719.000000
700.000000
663.000000
