775.000000
701.000000
645.000000
737.000000
1125.000000
774.000000
682.000000
1346.000000
737.000000
755.000000
774.000000
811.000000
737.000000
756.000000
940.000000
756.000000
719.000000
904.000000
700.000000
664.000000
775.000000
719.000000
719.000000
627.000000
682.000000
737.000000
682.000000
276.000000
701.000000
682.000000
756.000000
1327.000000
719.000000
701.000000
830.000000
737.000000
664.000000
682.000000
737.000000
719.000000
663.000000
830.000000
664.000000
719.000000
756.000000
682.000000
774.000000
1714.000000
719.000000
737.000000
1585.000000
664.000000
1954.000000
277.000000
848.000000
682.000000
682.000000
756.000000
700.000000
775.000000
867.000000
737.000000
645.000000
737.000000
737.000000
737.000000
700.000000
811.000000
701.000000
793.000000
719.000000
1124.000000
663.000000
774.000000
811.000000
737.000000
682.000000
719.000000
848.000000
811.000000
756.000000
682.000000
738.000000
755.000000
811.000000
701.000000
700.000000
866.000000
830.000000
645.000000
977.000000
718.000000
719.000000
847.000000
719.000000
756.000000
700.000000
738.000000
940.000000
682.000000
737.000000
719.000000
719.000000
719.000000
571.000000
719.000000
664.000000
663.000000
737.000000
885.000000
627.000000
719.000000
645.000000
700.000000
811.000000
682.000000
682.000000
663.000000
682.000000
792.000000
719.000000
940.000000
738.000000
756.000000
811.000000
719.000000
756.000000
682.000000
977.000000
756.000000
719.000000
811.000000
719.000000
811.000000
738.000000
664.000000
627.000000
848.000000
737.000000
682.000000
719.000000
682.000000
682.000000
681.000000
829.000000
645.000000
664.000000
719.000000
1125.000000
609.000000
738.000000
645.000000
663.000000
1254.000000
701.000000
756.000000
755.000000
829.000000
737.000000
811.000000
775.000000
700.000000
700.000000
701.000000
682.000000
682.000000
682.000000
701.000000
1051.000000
737.000000
700.000000
885.000000
682.000000
793.000000
866.000000
664.000000
664.000000
792.000000
737.000000
755.000000
627.000000
664.000000
830.000000
774.000000
718.000000
718.000000
700.000000
1032.000000
738.000000
756.000000
700.000000
867.000000
7115.000000
664.000000
646.000000
1033.000000
737.000000
811.000000
1161.000000
756.000000
