756.000000
718.000000
682.000000
719.000000
738.000000
682.000000
737.000000
756.000000
682.000000
719.000000
885.000000
774.000000
663.000000
847.000000
737.000000
461.000000
756.000000
645.000000
719.000000
848.000000
737.000000
755.000000
830.000000
682.000000
866.000000
664.000000
701.000000
719.000000
811.000000
737.000000
1290.000000
756.000000
737.000000
682.000000
590.000000
738.000000
940.000000
830.000000
719.000000
239.000000
664.000000
719.000000
848.000000
847.000000
701.000000
682.000000
701.000000
811.000000
756.000000
774.000000
663.000000
682.000000
829.000000
848.000000
719.000000
719.000000
719.000000
737.000000
737.000000
756.000000
977.000000
701.000000
719.000000
737.000000
774.000000
645.000000
737.000000
756.000000
774.000000
516.000000
866.000000
719.000000
701.000000
700.000000
239.000000
718.000000
719.000000
940.000000
718.000000
719.000000
719.000000
719.000000
737.000000
756.000000
700.000000
756.000000
1603.000000
774.000000
811.000000
682.000000
738.000000
737.000000
682.000000
774.000000
792.000000
866.000000
738.000000
258.000000
1069.000000
737.000000
682.000000
700.000000
719.000000
830.000000
627.000000
719.000000
1087.000000
701.000000
682.000000
682.000000
830.000000
738.000000
737.000000
719.000000
663.000000
848.000000
756.000000
737.000000
700.000000
719.000000
811.000000
756.000000
719.000000
737.000000
922.000000
719.000000
627.000000
866.000000
903.000000
737.000000
682.000000
737.000000
977.000000
718.000000
701.000000
774.000000
700.000000
719.000000
701.000000
719.000000
848.000000
737.000000
738.000000
239.000000
682.000000
792.000000
719.000000
663.000000
738.000000
700.000000
866.000000
756.000000
811.000000
682.000000
719.000000
829.000000
700.000000
701.000000
792.000000
737.000000
663.000000
645.000000
756.000000
664.000000
755.000000
645.000000
701.000000
203.000000
1180.000000
738.000000
774.000000
701.000000
977.000000
848.000000
866.000000
682.000000
737.000000
701.000000
664.000000
701.000000
737.000000
645.000000
627.000000
682.000000
996.000000
756.000000
885.000000
700.000000
701.000000
848.000000
719.000000
682.000000
719.000000
1143.000000
755.000000
737.000000
793.000000
627.000000
756.000000
848.000000
