645.000000
700.000000
829.000000
719.000000
756.000000
774.000000
1013.000000
719.000000
682.000000
664.000000
737.000000
755.000000
645.000000
700.000000
737.000000
885.000000
608.000000
738.000000
718.000000
921.000000
700.000000
774.000000
718.000000
737.000000
719.000000
756.000000
700.000000
682.000000
1770.000000
682.000000
627.000000
719.000000
664.000000
884.000000
719.000000
627.000000
682.000000
977.000000
793.000000
885.000000
737.000000
756.000000
700.000000
737.000000
1014.000000
811.000000
701.000000
701.000000
700.000000
645.000000
792.000000
756.000000
701.000000
701.000000
627.000000
701.000000
645.000000
738.000000
756.000000
737.000000
664.000000
829.000000
811.000000
609.000000
1143.000000
682.000000
737.000000
756.000000
756.000000
847.000000
682.000000
756.000000
737.000000
627.000000
664.000000
756.000000
719.000000
719.000000
663.000000
718.000000
718.000000
258.000000
682.000000
811.000000
1051.000000
700.000000
1437.000000
700.000000
682.000000
792.000000
756.000000
996.000000
719.000000
793.000000
811.000000
774.000000
756.000000
682.000000
848.000000
627.000000
719.000000
701.000000
774.000000
995.000000
737.000000
718.000000
701.000000
811.000000
700.000000
1345.000000
774.000000
738.000000
774.000000
737.000000
756.000000
719.000000
737.000000
792.000000
682.000000
848.000000
682.000000
848.000000
701.000000
700.000000
719.000000
884.000000
701.000000
700.000000
793.000000
719.000000
719.000000
738.000000
719.000000
701.000000
774.000000
701.000000
756.000000
737.000000
811.000000
700.000000
756.000000
737.000000
1327.000000
793.000000
793.000000
719.000000
811.000000
664.000000
700.000000
664.000000
756.000000
774.000000
719.000000
755.000000
738.000000
737.000000
258.000000
756.000000
756.000000
682.000000
701.000000
737.000000
737.000000
719.000000
700.000000
719.000000
701.000000
738.000000
719.000000
2138.000000
682.000000
700.000000
700.000000
756.000000
866.000000
663.000000
775.000000
718.000000
645.000000
682.000000
737.000000
737.000000
774.000000
737.000000
738.000000
682.000000
793.000000
738.000000
701.000000
737.000000
755.000000
276.000000
719.000000
645.000000
775.000000
774.000000
719.000000
627.000000
903.000000
774.000000
