774.000000
1309.000000
664.000000
1548.000000
1235.000000
1216.000000
1143.000000
2433.000000
811.000000
1328.000000
1161.000000
1125.000000
1161.000000
1364.000000
1124.000000
1198.000000
1180.000000
1014.000000
737.000000
848.000000
1327.000000
793.000000
1308.000000
1161.000000
1014.000000
811.000000
1235.000000
904.000000
1106.000000
1217.000000
1161.000000
2451.000000
1143.000000
1143.000000
1216.000000
719.000000
1014.000000
1050.000000
756.000000
1217.000000
1880.000000
921.000000
1272.000000
1364.000000
1254.000000
1032.000000
1014.000000
1088.000000
627.000000
1069.000000
1253.000000
904.000000
1069.000000
792.000000
830.000000
1050.000000
1179.000000
1346.000000
884.000000
903.000000
1106.000000
1291.000000
1033.000000
1290.000000
1051.000000
1217.000000
756.000000
1198.000000
701.000000
1161.000000
1290.000000
1033.000000
793.000000
1290.000000
1106.000000
1235.000000
1180.000000
1346.000000
1069.000000
1180.000000
1143.000000
959.000000
701.000000
1308.000000
719.000000
1161.000000
774.000000
829.000000
1254.000000
2322.000000
1087.000000
1013.000000
1548.000000
1124.000000
1235.000000
921.000000
1659.000000
1272.000000
2231.000000
774.000000
1217.000000
1143.000000
1032.000000
1087.000000
885.000000
1272.000000
1198.000000
1179.000000
1051.000000
1032.000000
1051.000000
848.000000
903.000000
1106.000000
1143.000000
1308.000000
1253.000000
959.000000
627.000000
1180.000000
996.000000
995.000000
1199.000000
737.000000
1235.000000
1272.000000
1087.000000
700.000000
958.000000
1162.000000
1272.000000
1235.000000
774.000000
1475.000000
1161.000000
2230.000000
719.000000
1162.000000
1400.000000
1106.000000
884.000000
1253.000000
1290.000000
866.000000
1272.000000
737.000000
940.000000
1180.000000
738.000000
1106.000000
1014.000000
1346.000000
1161.000000
1124.000000
1309.000000
1253.000000
1345.000000
959.000000
866.000000
995.000000
867.000000
1051.000000
1346.000000
884.000000
1161.000000
1162.000000
1143.000000
1143.000000
1050.000000
903.000000
1124.000000
1253.000000
1161.000000
1401.000000
1143.000000
866.000000
1180.000000
1217.000000
756.000000
1180.000000
848.000000
884.000000
1198.000000
1309.000000
719.000000
1087.000000
977.000000
1217.000000
737.000000
1143.000000
996.000000
1088.000000
1235.000000
977.000000
756.000000
1069.000000
1179.000000
1161.000000
2212.000000
885.000000
