2230.000000
2156.000000
2341.000000
2285.000000
2341.000000
2027.000000
2193.000000
2396.000000
2340.000000
2341.000000
2267.000000
2340.000000
2304.000000
2396.000000
2120.000000
2231.000000
2378.000000
1880.000000
2341.000000
2212.000000
2433.000000
2286.000000
2268.000000
2249.000000
2396.000000
2285.000000
2193.000000
2322.000000
3446.000000
2230.000000
2286.000000
2083.000000
2175.000000
2267.000000
2230.000000
2138.000000
2138.000000
2009.000000
1880.000000
2340.000000
2267.000000
2322.000000
2248.000000
2359.000000
1972.000000
2433.000000
2175.000000
2396.000000
2248.000000
2231.000000
3391.000000
2304.000000
2156.000000
2304.000000
2248.000000
2562.000000
2175.000000
2267.000000
2286.000000
2082.000000
2341.000000
2138.000000
2285.000000
2286.000000
1844.000000
2249.000000
2285.000000
2360.000000
2193.000000
2323.000000
2360.000000
2286.000000
2120.000000
2322.000000
2285.000000
2268.000000
2285.000000
2414.000000
2120.000000
2286.000000
2286.000000
2212.000000
1659.000000
2230.000000
2322.000000
2322.000000
2211.000000
2323.000000
2396.000000
2193.000000
2157.000000
2359.000000
2323.000000
2304.000000
2046.000000
2359.000000
2157.000000
2323.000000
2285.000000
2304.000000
1751.000000
2452.000000
2323.000000
2082.000000
2359.000000
1659.000000
2304.000000
2359.000000
2286.000000
2304.000000
2323.000000
2415.000000
2506.000000
2156.000000
2304.000000
1807.000000
2212.000000
2304.000000
2230.000000
2341.000000
2267.000000
2230.000000
2231.000000
2525.000000
2414.000000
2046.000000
2046.000000
2249.000000
2304.000000
2323.000000
2304.000000
2249.000000
2341.000000
2102.000000
2322.000000
2322.000000
2267.000000
1954.000000
3244.000000
2193.000000
2323.000000
2341.000000
2267.000000
2378.000000
2267.000000
2064.000000
2083.000000
2507.000000
2341.000000
2101.000000
3447.000000
2212.000000
2175.000000
1917.000000
2083.000000
2267.000000
1935.000000
2267.000000
2157.000000
2138.000000
2322.000000
2360.000000
2360.000000
2341.000000
2286.000000
2304.000000
2322.000000
2267.000000
2230.000000
2507.000000
2322.000000
2377.000000
2967.000000
2268.000000
2323.000000
2194.000000
2378.000000
1401.000000
2248.000000
2304.000000
2028.000000
1530.000000
2323.000000
2304.000000
2028.000000
2488.000000
2341.000000
2341.000000
2322.000000
2267.000000
2120.000000
2212.000000
2175.000000
1936.000000
2285.000000
2599.000000
2360.000000
2120.000000
2157.000000
2230.000000
