775.000000
940.000000
1032.000000
1013.000000
996.000000
1014.000000
959.000000
996.000000
977.000000
1032.000000
737.000000
866.000000
1051.000000
1014.000000
848.000000
977.000000
737.000000
866.000000
1032.000000
958.000000
977.000000
1051.000000
922.000000
1880.000000
829.000000
1253.000000
1125.000000
755.000000
1014.000000
1032.000000
995.000000
2304.000000
1014.000000
940.000000
995.000000
1032.000000
1014.000000
774.000000
958.000000
922.000000
1014.000000
847.000000
977.000000
1253.000000
719.000000
995.000000
1014.000000
866.000000
977.000000
811.000000
995.000000
922.000000
866.000000
996.000000
995.000000
977.000000
1253.000000
995.000000
1032.000000
996.000000
1069.000000
977.000000
1106.000000
774.000000
995.000000
995.000000
977.000000
1309.000000
1309.000000
921.000000
958.000000
1198.000000
1235.000000
995.000000
1033.000000
756.000000
996.000000
866.000000
996.000000
903.000000
829.000000
756.000000
922.000000
958.000000
903.000000
977.000000
1162.000000
885.000000
977.000000
977.000000
958.000000
1106.000000
1051.000000
959.000000
1124.000000
829.000000
1032.000000
959.000000
793.000000
1033.000000
793.000000
903.000000
1033.000000
1032.000000
977.000000
958.000000
1180.000000
1235.000000
774.000000
737.000000
848.000000
1198.000000
940.000000
977.000000
1032.000000
755.000000
1014.000000
866.000000
977.000000
940.000000
959.000000
1050.000000
995.000000
792.000000
792.000000
848.000000
756.000000
921.000000
903.000000
996.000000
995.000000
811.000000
977.000000
977.000000
922.000000
737.000000
2617.000000
1106.000000
1696.000000
1032.000000
959.000000
866.000000
737.000000
793.000000
756.000000
977.000000
996.000000
866.000000
1125.000000
1106.000000
921.000000
995.000000
1069.000000
1032.000000
922.000000
885.000000
885.000000
996.000000
1087.000000
1032.000000
811.000000
959.000000
885.000000
1014.000000
1032.000000
1382.000000
1069.000000
1051.000000
995.000000
1013.000000
995.000000
1013.000000
1198.000000
884.000000
811.000000
885.000000
940.000000
977.000000
1271.000000
1032.000000
977.000000
738.000000
940.000000
977.000000
1032.000000
1087.000000
977.000000
885.000000
1069.000000
885.000000
1161.000000
830.000000
756.000000
1161.000000
1105.000000
977.000000
995.000000
959.000000
1106.000000
829.000000
