645.000000
737.000000
848.000000
682.000000
737.000000
682.000000
645.000000
682.000000
663.000000
682.000000
663.000000
682.000000
719.000000
701.000000
737.000000
756.000000
774.000000
719.000000
793.000000
700.000000
719.000000
682.000000
682.000000
738.000000
129.000000
774.000000
718.000000
738.000000
664.000000
719.000000
682.000000
885.000000
700.000000
645.000000
719.000000
719.000000
147.000000
701.000000
682.000000
682.000000
681.000000
701.000000
719.000000
700.000000
645.000000
719.000000
829.000000
774.000000
701.000000
719.000000
719.000000
737.000000
792.000000
737.000000
682.000000
682.000000
848.000000
627.000000
682.000000
682.000000
663.000000
756.000000
737.000000
645.000000
682.000000
701.000000
774.000000
921.000000
682.000000
756.000000
737.000000
682.000000
738.000000
830.000000
829.000000
755.000000
719.000000
664.000000
664.000000
866.000000
645.000000
719.000000
1161.000000
682.000000
701.000000
682.000000
719.000000
663.000000
626.000000
700.000000
756.000000
700.000000
719.000000
664.000000
700.000000
811.000000
774.000000
645.000000
664.000000
737.000000
240.000000
719.000000
682.000000
682.000000
811.000000
1383.000000
663.000000
1475.000000
663.000000
700.000000
774.000000
645.000000
645.000000
904.000000
664.000000
719.000000
793.000000
663.000000
719.000000
737.000000
866.000000
830.000000
682.000000
756.000000
737.000000
719.000000
646.000000
793.000000
626.000000
664.000000
664.000000
682.000000
682.000000
718.000000
700.000000
719.000000
756.000000
700.000000
682.000000
719.000000
627.000000
719.000000
737.000000
811.000000
848.000000
682.000000
701.000000
792.000000
719.000000
645.000000
719.000000
811.000000
738.000000
738.000000
737.000000
793.000000
700.000000
718.000000
663.000000
682.000000
664.000000
774.000000
867.000000
756.000000
738.000000
756.000000
719.000000
719.000000
756.000000
885.000000
755.000000
701.000000
663.000000
645.000000
737.000000
664.000000
682.000000
793.000000
184.000000
719.000000
664.000000
811.000000
2305.000000
811.000000
700.000000
867.000000
718.000000
700.000000
1143.000000
737.000000
756.000000
664.000000
1382.000000
664.000000
701.000000
756.000000
682.000000
682.000000
701.000000
719.000000
