1825.000000
2009.000000
1807.000000
1917.000000
1788.000000
1972.000000
2064.000000
1696.000000
2028.000000
1640.000000
2102.000000
2064.000000
2064.000000
1843.000000
1899.000000
1935.000000
1806.000000
2028.000000
1991.000000
1806.000000
1991.000000
1770.000000
2120.000000
2027.000000
1751.000000
1991.000000
1806.000000
1899.000000
1935.000000
2193.000000
1844.000000
1954.000000
1677.000000
1493.000000
1936.000000
1806.000000
1936.000000
1935.000000
1788.000000
2102.000000
2009.000000
1881.000000
1880.000000
1935.000000
1991.000000
2028.000000
1954.000000
1898.000000
2046.000000
1899.000000
2064.000000
1456.000000
2101.000000
2470.000000
1990.000000
2746.000000
1881.000000
2212.000000
2009.000000
2046.000000
1695.000000
1825.000000
1991.000000
1898.000000
1806.000000
1844.000000
1843.000000
1788.000000
1806.000000
1917.000000
2027.000000
1825.000000
1530.000000
1972.000000
2101.000000
1788.000000
1603.000000
2009.000000
1954.000000
1493.000000
1475.000000
1825.000000
2028.000000
1530.000000
1916.000000
1990.000000
1954.000000
1935.000000
2065.000000
1861.000000
1825.000000
2064.000000
1825.000000
1991.000000
2010.000000
1677.000000
2009.000000
1843.000000
2101.000000
1991.000000
1843.000000
1677.000000
2009.000000
2027.000000
1881.000000
1751.000000
1825.000000
1899.000000
1751.000000
1861.000000
1825.000000
1807.000000
1770.000000
2009.000000
2046.000000
1899.000000
1493.000000
2138.000000
1899.000000
1935.000000
1825.000000
2083.000000
1917.000000
2082.000000
1659.000000
2212.000000
2028.000000
1899.000000
1825.000000
1972.000000
1475.000000
1807.000000
1862.000000
1843.000000
1787.000000
1788.000000
2009.000000
1788.000000
2157.000000
2065.000000
1844.000000
1880.000000
1917.000000
1899.000000
1788.000000
2064.000000
2064.000000
1327.000000
1862.000000
1824.000000
1862.000000
1862.000000
1051.000000
2009.000000
2783.000000
2046.000000
2433.000000
1843.000000
1604.000000
1843.000000
1973.000000
1990.000000
1769.000000
2120.000000
1862.000000
1917.000000
1990.000000
1788.000000
1899.000000
1843.000000
1677.000000
1843.000000
1862.000000
1862.000000
1511.000000
2065.000000
2175.000000
1788.000000
1788.000000
2046.000000
1990.000000
1861.000000
1861.000000
2046.000000
11520.000000
1567.000000
2046.000000
2083.000000
1953.000000
2028.000000
1806.000000
2064.000000
2064.000000
1420.000000
1935.000000
1844.000000
1861.000000
1844.000000
1843.000000
1899.000000
