646.000000
663.000000
701.000000
738.000000
719.000000
718.000000
645.000000
663.000000
663.000000
701.000000
645.000000
664.000000
793.000000
664.000000
848.000000
682.000000
663.000000
719.000000
1051.000000
664.000000
737.000000
738.000000
774.000000
664.000000
682.000000
755.000000
700.000000
830.000000
737.000000
737.000000
664.000000
682.000000
682.000000
700.000000
682.000000
664.000000
664.000000
719.000000
719.000000
682.000000
700.000000
700.000000
663.000000
664.000000
885.000000
774.000000
701.000000
793.000000
166.000000
719.000000
664.000000
719.000000
148.000000
811.000000
701.000000
756.000000
682.000000
701.000000
829.000000
719.000000
645.000000
756.000000
682.000000
719.000000
829.000000
829.000000
700.000000
682.000000
682.000000
866.000000
719.000000
682.000000
664.000000
682.000000
719.000000
646.000000
663.000000
664.000000
719.000000
738.000000
737.000000
737.000000
663.000000
719.000000
663.000000
1475.000000
682.000000
1549.000000
719.000000
719.000000
774.000000
774.000000
682.000000
737.000000
737.000000
682.000000
793.000000
903.000000
829.000000
682.000000
664.000000
719.000000
682.000000
682.000000
756.000000
701.000000
719.000000
682.000000
627.000000
811.000000
663.000000
719.000000
682.000000
663.000000
719.000000
719.000000
719.000000
664.000000
664.000000
663.000000
774.000000
663.000000
700.000000
811.000000
664.000000
718.000000
700.000000
664.000000
719.000000
755.000000
737.000000
664.000000
755.000000
737.000000
756.000000
737.000000
682.000000
755.000000
848.000000
738.000000
737.000000
682.000000
738.000000
737.000000
701.000000
663.000000
663.000000
719.000000
737.000000
793.000000
811.000000
682.000000
646.000000
664.000000
811.000000
700.000000
645.000000
719.000000
664.000000
738.000000
756.000000
793.000000
737.000000
718.000000
719.000000
756.000000
867.000000
645.000000
848.000000
755.000000
701.000000
682.000000
1825.000000
774.000000
1751.000000
664.000000
700.000000
682.000000
645.000000
737.000000
682.000000
701.000000
700.000000
663.000000
867.000000
626.000000
793.000000
885.000000
738.000000
663.000000
645.000000
903.000000
682.000000
701.000000
811.000000
756.000000
682.000000
774.000000
737.000000
885.000000
