719.000000
700.000000
663.000000
793.000000
719.000000
645.000000
663.000000
719.000000
129.000000
701.000000
700.000000
664.000000
867.000000
700.000000
682.000000
664.000000
700.000000
701.000000
701.000000
738.000000
903.000000
755.000000
719.000000
682.000000
663.000000
719.000000
663.000000
645.000000
737.000000
682.000000
811.000000
682.000000
664.000000
719.000000
719.000000
129.000000
737.000000
793.000000
129.000000
664.000000
295.000000
701.000000
811.000000
700.000000
719.000000
719.000000
830.000000
719.000000
682.000000
700.000000
848.000000
719.000000
185.000000
940.000000
793.000000
719.000000
811.000000
664.000000
664.000000
793.000000
664.000000
682.000000
645.000000
664.000000
719.000000
719.000000
866.000000
663.000000
682.000000
700.000000
885.000000
701.000000
756.000000
737.000000
700.000000
719.000000
682.000000
1143.000000
646.000000
1973.000000
755.000000
755.000000
664.000000
701.000000
682.000000
921.000000
719.000000
737.000000
921.000000
203.000000
719.000000
664.000000
701.000000
738.000000
793.000000
664.000000
700.000000
700.000000
737.000000
719.000000
719.000000
830.000000
701.000000
682.000000
738.000000
719.000000
904.000000
700.000000
756.000000
700.000000
921.000000
737.000000
756.000000
664.000000
719.000000
682.000000
719.000000
738.000000
811.000000
682.000000
719.000000
811.000000
756.000000
848.000000
700.000000
663.000000
792.000000
701.000000
646.000000
718.000000
663.000000
221.000000
682.000000
811.000000
645.000000
663.000000
645.000000
663.000000
682.000000
700.000000
682.000000
830.000000
682.000000
719.000000
719.000000
738.000000
755.000000
682.000000
811.000000
682.000000
701.000000
682.000000
664.000000
811.000000
774.000000
718.000000
682.000000
830.000000
903.000000
756.000000
682.000000
664.000000
737.000000
719.000000
756.000000
738.000000
719.000000
663.000000
1364.000000
682.000000
664.000000
885.000000
682.000000
664.000000
719.000000
719.000000
737.000000
718.000000
792.000000
682.000000
663.000000
645.000000
682.000000
701.000000
718.000000
682.000000
737.000000
147.000000
719.000000
866.000000
756.000000
774.000000
184.000000
756.000000
774.000000
756.000000
792.000000
737.000000
719.000000
700.000000
