756.000000
682.000000
10801.000000
663.000000
774.000000
830.000000
701.000000
774.000000
719.000000
885.000000
682.000000
682.000000
664.000000
663.000000
682.000000
663.000000
774.000000
645.000000
866.000000
774.000000
682.000000
756.000000
700.000000
663.000000
701.000000
774.000000
756.000000
719.000000
719.000000
700.000000
700.000000
737.000000
719.000000
719.000000
829.000000
737.000000
701.000000
701.000000
719.000000
700.000000
830.000000
664.000000
663.000000
664.000000
737.000000
682.000000
848.000000
664.000000
737.000000
664.000000
756.000000
903.000000
719.000000
738.000000
848.000000
737.000000
682.000000
829.000000
700.000000
682.000000
682.000000
682.000000
701.000000
756.000000
719.000000
682.000000
700.000000
903.000000
719.000000
700.000000
700.000000
663.000000
664.000000
1567.000000
663.000000
719.000000
700.000000
719.000000
756.000000
700.000000
737.000000
719.000000
719.000000
811.000000
700.000000
701.000000
775.000000
682.000000
719.000000
756.000000
682.000000
663.000000
663.000000
663.000000
682.000000
719.000000
756.000000
738.000000
738.000000
664.000000
958.000000
719.000000
756.000000
682.000000
203.000000
682.000000
645.000000
756.000000
737.000000
664.000000
756.000000
1087.000000
700.000000
719.000000
663.000000
719.000000
995.000000
259.000000
737.000000
737.000000
682.000000
682.000000
737.000000
682.000000
847.000000
682.000000
700.000000
811.000000
682.000000
921.000000
663.000000
701.000000
719.000000
719.000000
682.000000
811.000000
718.000000
700.000000
203.000000
718.000000
774.000000
664.000000
701.000000
737.000000
664.000000
700.000000
719.000000
719.000000
830.000000
664.000000
719.000000
664.000000
663.000000
166.000000
664.000000
829.000000
664.000000
755.000000
756.000000
645.000000
682.000000
829.000000
793.000000
719.000000
737.000000
756.000000
1345.000000
756.000000
700.000000
719.000000
738.000000
701.000000
719.000000
830.000000
940.000000
774.000000
829.000000
755.000000
663.000000
756.000000
811.000000
682.000000
664.000000
700.000000
737.000000
700.000000
737.000000
719.000000
645.000000
792.000000
959.000000
701.000000
792.000000
645.000000
682.000000
645.000000
718.000000
718.000000
755.000000
737.000000
