682.000000
811.000000
590.000000
719.000000
571.000000
645.000000
737.000000
756.000000
719.000000
590.000000
645.000000
682.000000
645.000000
701.000000
701.000000
516.000000
792.000000
664.000000
627.000000
682.000000
663.000000
701.000000
682.000000
663.000000
700.000000
645.000000
627.000000
608.000000
682.000000
682.000000
737.000000
719.000000
738.000000
663.000000
664.000000
792.000000
756.000000
608.000000
682.000000
645.000000
645.000000
663.000000
627.000000
663.000000
701.000000
701.000000
664.000000
626.000000
682.000000
701.000000
645.000000
663.000000
553.000000
663.000000
700.000000
701.000000
663.000000
719.000000
645.000000
516.000000
719.000000
1254.000000
700.000000
1677.000000
645.000000
626.000000
645.000000
1161.000000
645.000000
774.000000
608.000000
609.000000
664.000000
664.000000
701.000000
535.000000
571.000000
811.000000
719.000000
645.000000
719.000000
627.000000
700.000000
718.000000
682.000000
627.000000
663.000000
664.000000
590.000000
664.000000
756.000000
645.000000
719.000000
608.000000
682.000000
645.000000
646.000000
645.000000
645.000000
664.000000
626.000000
645.000000
811.000000
663.000000
645.000000
774.000000
663.000000
682.000000
682.000000
682.000000
719.000000
682.000000
627.000000
645.000000
700.000000
572.000000
608.000000
700.000000
700.000000
645.000000
738.000000
663.000000
572.000000
682.000000
664.000000
645.000000
682.000000
663.000000
663.000000
682.000000
645.000000
682.000000
811.000000
646.000000
700.000000
682.000000
663.000000
626.000000
645.000000
571.000000
756.000000
553.000000
645.000000
682.000000
627.000000
719.000000
682.000000
589.000000
627.000000
663.000000
663.000000
719.000000
738.000000
626.000000
682.000000
663.000000
645.000000
756.000000
1217.000000
737.000000
1253.000000
645.000000
719.000000
738.000000
609.000000
682.000000
737.000000
738.000000
572.000000
682.000000
701.000000
682.000000
663.000000
663.000000
479.000000
664.000000
590.000000
664.000000
663.000000
663.000000
646.000000
645.000000
627.000000
663.000000
627.000000
682.000000
645.000000
664.000000
646.000000
737.000000
645.000000
719.000000
682.000000
700.000000
682.000000
645.000000
719.000000
590.000000
626.000000
682.000000
