977.000000
14801.000000
13013.000000
1161.000000
1456.000000
830.000000
1162.000000
1161.000000
14819.000000
811.000000
958.000000
12976.000000
13363.000000
1179.000000
19280.000000
15022.000000
1014.000000
1216.000000
13179.000000
15298.000000
13400.000000
13123.000000
1179.000000
1125.000000
922.000000
1124.000000
12976.000000
792.000000
13124.000000
774.000000
1162.000000
940.000000
13216.000000
1069.000000
1014.000000
1198.000000
1143.000000
13179.000000
1254.000000
848.000000
940.000000
1013.000000
922.000000
1198.000000
13179.000000
13511.000000
12866.000000
903.000000
1180.000000
13216.000000
1272.000000
829.000000
1069.000000
1087.000000
1199.000000
11336.000000
1180.000000
13050.000000
1235.000000
12921.000000
922.000000
12976.000000
1235.000000
1216.000000
12976.000000
848.000000
14783.000000
14562.000000
13622.000000
700.000000
15262.000000
1143.000000
1143.000000
25473.000000
15206.000000
13327.000000
13474.000000
1143.000000
12018.000000
1217.000000
13216.000000
14838.000000
13105.000000
13326.000000
13198.000000
15133.000000
1309.000000
737.000000
1106.000000
13935.000000
25270.000000
13253.000000
1161.000000
1032.000000
15207.000000
1087.000000
995.000000
958.000000
1161.000000
13732.000000
1087.000000
15372.000000
995.000000
14304.000000
13215.000000
13235.000000
13990.000000
13013.000000
1106.000000
1125.000000
13087.000000
1143.000000
958.000000
1069.000000
1032.000000
1032.000000
1162.000000
848.000000
13345.000000
13308.000000
1217.000000
811.000000
1143.000000
885.000000
977.000000
996.000000
13013.000000
1014.000000
1143.000000
13308.000000
14930.000000
774.000000
1032.000000
921.000000
12884.000000
13271.000000
1235.000000
940.000000
1161.000000
13272.000000
13179.000000
13326.000000
14469.000000
922.000000
14653.000000
1143.000000
13327.000000
13437.000000
14727.000000
940.000000
13290.000000
13382.000000
12700.000000
14709.000000
1014.000000
1291.000000
1032.000000
14230.000000
1050.000000
1235.000000
1051.000000
13215.000000
1180.000000
1106.000000
12995.000000
866.000000
719.000000
19962.000000
13031.000000
12515.000000
1143.000000
940.000000
15133.000000
1143.000000
13769.000000
1199.000000
1161.000000
15059.000000
405.000000
14322.000000
1198.000000
14082.000000
14303.000000
15096.000000
1216.000000
14027.000000
1088.000000
13087.000000
1162.000000
1198.000000
14009.000000
903.000000
12534.000000
1069.000000
1088.000000
12848.000000
1143.000000
1180.000000
1142.000000
12865.000000
