1125.000000
1198.000000
1106.000000
1125.000000
681.000000
1106.000000
11723.000000
1198.000000
848.000000
903.000000
885.000000
13105.000000
1069.000000
15354.000000
13069.000000
1198.000000
15152.000000
1161.000000
13289.000000
1069.000000
1198.000000
1345.000000
847.000000
16957.000000
14930.000000
811.000000
13050.000000
15317.000000
1235.000000
14413.000000
16386.000000
16976.000000
921.000000
17400.000000
14635.000000
14856.000000
15833.000000
13364.000000
1217.000000
14654.000000
14506.000000
11115.000000
15170.000000
830.000000
1161.000000
12976.000000
13050.000000
682.000000
1088.000000
958.000000
14875.000000
1143.000000
995.000000
15261.000000
903.000000
13161.000000
1161.000000
13308.000000
15059.000000
1124.000000
14801.000000
958.000000
14635.000000
15354.000000
1180.000000
15317.000000
13419.000000
13640.000000
13308.000000
885.000000
1253.000000
15115.000000
1253.000000
1032.000000
13271.000000
1640.000000
977.000000
1124.000000
1106.000000
14285.000000
13179.000000
922.000000
13326.000000
13253.000000
11741.000000
13713.000000
15004.000000
866.000000
1180.000000
904.000000
1198.000000
1124.000000
1142.000000
645.000000
1161.000000
15096.000000
885.000000
15096.000000
17307.000000
995.000000
17032.000000
13400.000000
15685.000000
1069.000000
1272.000000
1143.000000
1161.000000
13400.000000
17124.000000
1125.000000
13087.000000
15354.000000
16571.000000
14801.000000
1014.000000
1106.000000
15023.000000
1142.000000
13031.000000
13474.000000
1013.000000
15078.000000
922.000000
17307.000000
15520.000000
15280.000000
13216.000000
14930.000000
16220.000000
1143.000000
13382.000000
921.000000
1180.000000
16460.000000
13123.000000
995.000000
15981.000000
15207.000000
1143.000000
13197.000000
1125.000000
1162.000000
12921.000000
16129.000000
13050.000000
1179.000000
12957.000000
1106.000000
1198.000000
1199.000000
12994.000000
1179.000000
1179.000000
13106.000000
17234.000000
903.000000
1179.000000
13105.000000
14562.000000
866.000000
15907.000000
480.000000
15317.000000
1143.000000
996.000000
1106.000000
1179.000000
13160.000000
977.000000
1143.000000
1106.000000
1143.000000
1179.000000
959.000000
13437.000000
12350.000000
1142.000000
1161.000000
1198.000000
1198.000000
15575.000000
13455.000000
1143.000000
1143.000000
1050.000000
12921.000000
1180.000000
13068.000000
15022.000000
17124.000000
12958.000000
866.000000
13106.000000
1106.000000
663.000000
1291.000000
16700.000000
15004.000000
700.000000
1051.000000
