13511.000000
13455.000000
13492.000000
13382.000000
13179.000000
940.000000
13345.000000
1032.000000
13584.000000
13658.000000
1051.000000
13253.000000
13695.000000
13732.000000
13197.000000
13418.000000
13216.000000
13050.000000
1456.000000
13695.000000
13327.000000
13437.000000
13179.000000
1143.000000
14193.000000
13327.000000
13584.000000
13474.000000
13658.000000
13547.000000
13216.000000
1014.000000
13639.000000
13271.000000
13290.000000
13418.000000
13235.000000
13381.000000
13401.000000
13437.000000
13898.000000
1051.000000
13695.000000
13326.000000
13345.000000
13529.000000
13603.000000
13123.000000
13161.000000
13050.000000
1235.000000
13677.000000
13584.000000
1309.000000
13603.000000
13732.000000
13160.000000
13732.000000
13750.000000
13713.000000
13658.000000
23428.000000
996.000000
1033.000000
13751.000000
13805.000000
13290.000000
13676.000000
13253.000000
13584.000000
13510.000000
13695.000000
13455.000000
13566.000000
13751.000000
13511.000000
13640.000000
13381.000000
13713.000000
13714.000000
13161.000000
13695.000000
13401.000000
13197.000000
13677.000000
13732.000000
13511.000000
13658.000000
13179.000000
13271.000000
13529.000000
17345.000000
13179.000000
13695.000000
13603.000000
13658.000000
13216.000000
13695.000000
1106.000000
13400.000000
13253.000000
13585.000000
13566.000000
1345.000000
1050.000000
13640.000000
13401.000000
14211.000000
13806.000000
13954.000000
1290.000000
13768.000000
14230.000000
13510.000000
13511.000000
1125.000000
13235.000000
13567.000000
13972.000000
13455.000000
13474.000000
1291.000000
23538.000000
13050.000000
14911.000000
13659.000000
1014.000000
13344.000000
13585.000000
13714.000000
13769.000000
14230.000000
13788.000000
13437.000000
1088.000000
13124.000000
13179.000000
1254.000000
13252.000000
14229.000000
13639.000000
940.000000
13474.000000
13234.000000
995.000000
13326.000000
958.000000
23593.000000
13713.000000
13382.000000
13585.000000
13696.000000
13308.000000
14174.000000
13363.000000
23372.000000
13252.000000
23648.000000
1640.000000
13253.000000
13788.000000
13769.000000
13437.000000
13455.000000
13456.000000
13806.000000
13308.000000
13621.000000
13456.000000
13179.000000
13658.000000
13327.000000
13585.000000
13768.000000
13732.000000
13658.000000
13493.000000
13160.000000
13843.000000
13640.000000
13751.000000
17731.000000
13824.000000
1308.000000
13290.000000
23317.000000
1272.000000
13530.000000
13401.000000
13676.000000
13474.000000
1364.000000
13179.000000
13603.000000
13382.000000
13843.000000
13492.000000
13253.000000
13640.000000
13566.000000
