1180.000000
15871.000000
1272.000000
18543.000000
1124.000000
1032.000000
830.000000
19557.000000
17621.000000
811.000000
811.000000
18635.000000
19962.000000
903.000000
1032.000000
18654.000000
995.000000
13198.000000
995.000000
19096.000000
19851.000000
1216.000000
571.000000
19335.000000
10322.000000
866.000000
19796.000000
904.000000
19907.000000
1069.000000
18359.000000
17215.000000
19096.000000
19427.000000
1308.000000
848.000000
1143.000000
958.000000
19833.000000
20036.000000
1419.000000
977.000000
19520.000000
19667.000000
18524.000000
1143.000000
1272.000000
1143.000000
18801.000000
19723.000000
3834.000000
18763.000000
19298.000000
1069.000000
19040.000000
1124.000000
19280.000000
10266.000000
19243.000000
1032.000000
13419.000000
19778.000000
922.000000
1272.000000
1032.000000
940.000000
18874.000000
20054.000000
1438.000000
19943.000000
19575.000000
20257.000000
19630.000000
19778.000000
19925.000000
1401.000000
19022.000000
1161.000000
738.000000
811.000000
1216.000000
19317.000000
20091.000000
10414.000000
10433.000000
15078.000000
13511.000000
996.000000
10378.000000
811.000000
19169.000000
1217.000000
10285.000000
1309.000000
12736.000000
1345.000000
1364.000000
10303.000000
19981.000000
1161.000000
19594.000000
10377.000000
940.000000
1493.000000
1217.000000
1235.000000
940.000000
1308.000000
17732.000000
17548.000000
1198.000000
1346.000000
682.000000
884.000000
10599.000000
959.000000
1014.000000
1271.000000
1143.000000
19944.000000
20055.000000
958.000000
977.000000
18488.000000
848.000000
19446.000000
1253.000000
1291.000000
1198.000000
1180.000000
20092.000000
20313.000000
19151.000000
1346.000000
1622.000000
1032.000000
1419.000000
940.000000
19022.000000
17234.000000
17879.000000
1013.000000
701.000000
1346.000000
19981.000000
20146.000000
1401.000000
15963.000000
20036.000000
1235.000000
19943.000000
811.000000
1051.000000
17971.000000
19003.000000
19244.000000
19815.000000
1327.000000
867.000000
20220.000000
645.000000
1087.000000
10229.000000
10211.000000
1327.000000
18727.000000
17086.000000
829.000000
10488.000000
20404.000000
19833.000000
19704.000000
20644.000000
1180.000000
903.000000
1124.000000
1125.000000
19796.000000
1327.000000
977.000000
1032.000000
1364.000000
10451.000000
19944.000000
19851.000000
756.000000
10193.000000
20294.000000
1125.000000
19593.000000
1162.000000
1530.000000
1346.000000
17455.000000
1088.000000
792.000000
885.000000
1162.000000
1216.000000
1051.000000
