775.000000
830.000000
848.000000
1677.000000
682.000000
682.000000
719.000000
700.000000
700.000000
700.000000
718.000000
664.000000
627.000000
1677.000000
719.000000
700.000000
5825.000000
664.000000
719.000000
682.000000
664.000000
682.000000
664.000000
737.000000
738.000000
719.000000
682.000000
811.000000
867.000000
700.000000
700.000000
700.000000
756.000000
700.000000
737.000000
700.000000
774.000000
663.000000
738.000000
737.000000
645.000000
774.000000
719.000000
701.000000
718.000000
701.000000
663.000000
756.000000
682.000000
830.000000
775.000000
700.000000
756.000000
700.000000
608.000000
719.000000
664.000000
664.000000
701.000000
829.000000
737.000000
682.000000
719.000000
737.000000
664.000000
719.000000
663.000000
682.000000
719.000000
719.000000
774.000000
756.000000
792.000000
682.000000
774.000000
664.000000
682.000000
6581.000000
738.000000
737.000000
682.000000
867.000000
774.000000
719.000000
811.000000
406.000000
627.000000
738.000000
719.000000
663.000000
774.000000
682.000000
701.000000
701.000000
682.000000
830.000000
664.000000
774.000000
867.000000
664.000000
682.000000
719.000000
756.000000
719.000000
627.000000
608.000000
700.000000
719.000000
627.000000
645.000000
830.000000
793.000000
627.000000
977.000000
1603.000000
700.000000
718.000000
701.000000
719.000000
700.000000
755.000000
811.000000
774.000000
682.000000
682.000000
719.000000
904.000000
682.000000
811.000000
995.000000
700.000000
737.000000
719.000000
903.000000
1659.000000
829.000000
700.000000
645.000000
903.000000
645.000000
737.000000
701.000000
700.000000
664.000000
480.000000
627.000000
682.000000
792.000000
755.000000
700.000000
719.000000
718.000000
756.000000
1788.000000
848.000000
645.000000
663.000000
903.000000
719.000000
719.000000
756.000000
903.000000
719.000000
719.000000
737.000000
718.000000
1659.000000
719.000000
663.000000
737.000000
571.000000
737.000000
774.000000
682.000000
350.000000
682.000000
756.000000
866.000000
737.000000
700.000000
682.000000
756.000000
848.000000
848.000000
663.000000
756.000000
867.000000
719.000000
904.000000
682.000000
1198.000000
590.000000
700.000000
829.000000
682.000000
774.000000
664.000000
719.000000
1567.000000
1695.000000
