1032.000000
13547.000000
13474.000000
1161.000000
11981.000000
1161.000000
13511.000000
13695.000000
976.000000
13713.000000
23280.000000
13511.000000
1474.000000
13179.000000
13068.000000
1217.000000
13252.000000
1032.000000
1088.000000
13511.000000
1142.000000
13511.000000
13327.000000
1087.000000
13732.000000
13584.000000
13732.000000
13308.000000
959.000000
12976.000000
13677.000000
23740.000000
13363.000000
13676.000000
479.000000
13031.000000
13769.000000
1051.000000
13529.000000
977.000000
1142.000000
922.000000
1401.000000
13658.000000
977.000000
13216.000000
13234.000000
13215.000000
13400.000000
13603.000000
13640.000000
1180.000000
13400.000000
13308.000000
1143.000000
13345.000000
13621.000000
13769.000000
13769.000000
13456.000000
976.000000
13621.000000
13713.000000
13401.000000
13216.000000
13621.000000
13492.000000
13842.000000
13658.000000
13086.000000
13732.000000
13456.000000
1180.000000
13585.000000
830.000000
13068.000000
13751.000000
1032.000000
13639.000000
1254.000000
13198.000000
13566.000000
1069.000000
995.000000
1014.000000
13474.000000
23575.000000
1217.000000
13732.000000
13603.000000
23832.000000
903.000000
13769.000000
13530.000000
1087.000000
1051.000000
1124.000000
1161.000000
13732.000000
1161.000000
13603.000000
13713.000000
13732.000000
13530.000000
13602.000000
1198.000000
1032.000000
958.000000
13676.000000
1161.000000
13566.000000
13677.000000
1069.000000
13511.000000
13787.000000
13824.000000
1088.000000
1032.000000
13492.000000
13640.000000
1234.000000
13585.000000
13289.000000
940.000000
13603.000000
1050.000000
13197.000000
13732.000000
13603.000000
13732.000000
13732.000000
1051.000000
13768.000000
13400.000000
13658.000000
13511.000000
1475.000000
13327.000000
1493.000000
13732.000000
921.000000
13492.000000
13363.000000
13124.000000
23704.000000
1143.000000
977.000000
1180.000000
14285.000000
1069.000000
13751.000000
13290.000000
996.000000
1198.000000
13805.000000
1032.000000
479.000000
13621.000000
609.000000
13363.000000
1051.000000
1014.000000
1014.000000
13787.000000
13842.000000
13585.000000
13732.000000
13529.000000
13658.000000
1014.000000
1493.000000
13861.000000
1013.000000
13124.000000
13401.000000
13548.000000
1087.000000
1419.000000
13676.000000
1014.000000
1125.000000
13677.000000
1143.000000
13382.000000
13124.000000
940.000000
13455.000000
13363.000000
14285.000000
13695.000000
13639.000000
13345.000000
13751.000000
13437.000000
1014.000000
977.000000
13732.000000
14211.000000
13695.000000
996.000000
