995.000000
645.000000
626.000000
774.000000
718.000000
682.000000
682.000000
626.000000
609.000000
737.000000
737.000000
737.000000
756.000000
774.000000
682.000000
738.000000
701.000000
977.000000
701.000000
719.000000
719.000000
608.000000
738.000000
664.000000
626.000000
682.000000
718.000000
756.000000
719.000000
903.000000
682.000000
775.000000
977.000000
663.000000
738.000000
700.000000
719.000000
738.000000
700.000000
682.000000
774.000000
737.000000
682.000000
774.000000
664.000000
682.000000
737.000000
719.000000
701.000000
737.000000
922.000000
738.000000
682.000000
1899.000000
663.000000
626.000000
682.000000
811.000000
811.000000
737.000000
811.000000
830.000000
700.000000
738.000000
940.000000
645.000000
737.000000
756.000000
848.000000
664.000000
682.000000
755.000000
664.000000
700.000000
829.000000
848.000000
719.000000
774.000000
719.000000
405.000000
1806.000000
1069.000000
701.000000
719.000000
498.000000
700.000000
645.000000
682.000000
646.000000
719.000000
664.000000
664.000000
645.000000
737.000000
627.000000
645.000000
700.000000
737.000000
682.000000
701.000000
700.000000
738.000000
737.000000
700.000000
775.000000
737.000000
792.000000
701.000000
719.000000
737.000000
1032.000000
700.000000
719.000000
737.000000
295.000000
664.000000
738.000000
885.000000
755.000000
646.000000
663.000000
811.000000
663.000000
737.000000
1622.000000
590.000000
756.000000
829.000000
645.000000
737.000000
755.000000
756.000000
645.000000
701.000000
608.000000
664.000000
738.000000
737.000000
737.000000
258.000000
756.000000
590.000000
682.000000
701.000000
700.000000
701.000000
774.000000
664.000000
719.000000
700.000000
718.000000
700.000000
1014.000000
774.000000
1585.000000
718.000000
921.000000
700.000000
738.000000
590.000000
682.000000
682.000000
959.000000
608.000000
719.000000
738.000000
627.000000
682.000000
682.000000
738.000000
719.000000
811.000000
738.000000
774.000000
738.000000
701.000000
737.000000
737.000000
645.000000
645.000000
663.000000
295.000000
719.000000
700.000000
682.000000
663.000000
774.000000
682.000000
737.000000
682.000000
682.000000
2433.000000
774.000000
737.000000
719.000000
775.000000
774.000000
663.000000
884.000000
701.000000
