10838.000000
903.000000
11317.000000
13198.000000
1088.000000
11520.000000
11538.000000
1180.000000
977.000000
1087.000000
608.000000
13418.000000
13234.000000
1143.000000
1180.000000
1198.000000
12626.000000
977.000000
10856.000000
1106.000000
12847.000000
792.000000
775.000000
1235.000000
13326.000000
11391.000000
13290.000000
11188.000000
13179.000000
10598.000000
1254.000000
1180.000000
13013.000000
848.000000
12368.000000
1678.000000
11907.000000
11760.000000
1087.000000
13050.000000
11409.000000
1253.000000
13326.000000
13253.000000
12774.000000
884.000000
11815.000000
756.000000
959.000000
13197.000000
18395.000000
995.000000
12921.000000
11833.000000
12976.000000
885.000000
1180.000000
13050.000000
12847.000000
11981.000000
12994.000000
13843.000000
17732.000000
11760.000000
10911.000000
12073.000000
1253.000000
977.000000
940.000000
996.000000
1143.000000
13234.000000
12976.000000
1032.000000
1235.000000
12534.000000
12921.000000
19132.000000
1198.000000
903.000000
18027.000000
1235.000000
12773.000000
13253.000000
12976.000000
1290.000000
13069.000000
848.000000
13917.000000
1179.000000
1272.000000
12608.000000
921.000000
976.000000
1272.000000
20755.000000
12055.000000
12976.000000
1143.000000
1125.000000
1106.000000
1124.000000
1014.000000
1106.000000
11797.000000
11630.000000
1143.000000
12534.000000
1069.000000
977.000000
11151.000000
17917.000000
1216.000000
18063.000000
13456.000000
867.000000
11815.000000
995.000000
1143.000000
13972.000000
12977.000000
11870.000000
15962.000000
903.000000
11557.000000
23317.000000
12037.000000
22616.000000
1143.000000
921.000000
1198.000000
13456.000000
1179.000000
608.000000
10857.000000
17806.000000
1142.000000
11170.000000
884.000000
13253.000000
13124.000000
17363.000000
738.000000
829.000000
1143.000000
885.000000
12239.000000
12479.000000
1162.000000
12036.000000
13179.000000
11152.000000
11815.000000
1179.000000
940.000000
12976.000000
13216.000000
1069.000000
11631.000000
13198.000000
959.000000
11833.000000
13050.000000
13123.000000
12184.000000
1032.000000
1069.000000
17934.000000
12903.000000
13179.000000
1050.000000
995.000000
1125.000000
12091.000000
1106.000000
1105.000000
903.000000
1013.000000
12166.000000
792.000000
1124.000000
940.000000
1069.000000
995.000000
13124.000000
995.000000
1143.000000
13050.000000
12073.000000
958.000000
1162.000000
11963.000000
1309.000000
13253.000000
941.000000
12349.000000
737.000000
12183.000000
1051.000000
20018.000000
