1383.000000
18948.000000
13050.000000
884.000000
811.000000
10985.000000
1253.000000
1161.000000
1088.000000
1142.000000
14819.000000
1235.000000
1235.000000
866.000000
1125.000000
1474.000000
1253.000000
1161.000000
13032.000000
958.000000
18930.000000
1161.000000
20644.000000
15096.000000
17879.000000
11354.000000
13308.000000
1069.000000
1143.000000
1142.000000
700.000000
1180.000000
1125.000000
1457.000000
1143.000000
866.000000
1161.000000
1087.000000
1437.000000
17252.000000
884.000000
1420.000000
1456.000000
1143.000000
18929.000000
1180.000000
1161.000000
1161.000000
1290.000000
13216.000000
1032.000000
14930.000000
15262.000000
1143.000000
1327.000000
1180.000000
15114.000000
922.000000
1235.000000
14838.000000
884.000000
13179.000000
12939.000000
847.000000
1179.000000
13364.000000
17639.000000
1179.000000
1180.000000
1180.000000
1014.000000
1217.000000
13308.000000
1014.000000
1419.000000
1124.000000
922.000000
14027.000000
1198.000000
15317.000000
15151.000000
1180.000000
1124.000000
17529.000000
995.000000
1142.000000
1143.000000
959.000000
903.000000
13364.000000
19133.000000
1069.000000
13363.000000
14359.000000
13308.000000
1199.000000
1124.000000
1106.000000
921.000000
775.000000
15077.000000
13400.000000
1180.000000
13235.000000
958.000000
977.000000
1180.000000
1401.000000
1124.000000
13326.000000
1179.000000
13142.000000
940.000000
1124.000000
1032.000000
1198.000000
1013.000000
12129.000000
1364.000000
1143.000000
1124.000000
15372.000000
1198.000000
17068.000000
13437.000000
922.000000
15298.000000
1198.000000
13419.000000
13400.000000
1143.000000
977.000000
977.000000
13160.000000
17013.000000
1382.000000
903.000000
13326.000000
959.000000
13142.000000
922.000000
1179.000000
13124.000000
1216.000000
977.000000
13252.000000
13400.000000
1014.000000
995.000000
13381.000000
1142.000000
1032.000000
996.000000
995.000000
1032.000000
1216.000000
13142.000000
17344.000000
1161.000000
12920.000000
1161.000000
12700.000000
1161.000000
10856.000000
23298.000000
1124.000000
1161.000000
17326.000000
1216.000000
387.000000
1235.000000
15262.000000
1401.000000
958.000000
1106.000000
1124.000000
13068.000000
1143.000000
1143.000000
1161.000000
1235.000000
1254.000000
1161.000000
1382.000000
1382.000000
17032.000000
1143.000000
1180.000000
1124.000000
13235.000000
13308.000000
1161.000000
1216.000000
1051.000000
1088.000000
15317.000000
13069.000000
1014.000000
13345.000000
14856.000000
