1143.000000
1180.000000
14727.000000
1143.000000
1272.000000
1180.000000
13013.000000
19501.000000
1180.000000
17824.000000
17456.000000
12977.000000
1143.000000
1105.000000
13161.000000
14654.000000
13123.000000
977.000000
1143.000000
867.000000
884.000000
1014.000000
1198.000000
13013.000000
1013.000000
1143.000000
12368.000000
1032.000000
14838.000000
1235.000000
1032.000000
1346.000000
15151.000000
1125.000000
1106.000000
1087.000000
12939.000000
1014.000000
18857.000000
1180.000000
13897.000000
12902.000000
12902.000000
1179.000000
829.000000
12921.000000
977.000000
1014.000000
19261.000000
14709.000000
976.000000
19298.000000
17160.000000
1106.000000
903.000000
903.000000
19225.000000
13197.000000
12829.000000
15446.000000
1124.000000
15152.000000
13124.000000
12995.000000
756.000000
1180.000000
1125.000000
977.000000
1014.000000
1032.000000
14912.000000
13419.000000
1013.000000
885.000000
13289.000000
1180.000000
921.000000
17178.000000
682.000000
13492.000000
13124.000000
15317.000000
1180.000000
1161.000000
959.000000
738.000000
13031.000000
1106.000000
830.000000
14635.000000
1198.000000
15630.000000
940.000000
18377.000000
15225.000000
1162.000000
1235.000000
1216.000000
13289.000000
645.000000
12940.000000
1161.000000
904.000000
15133.000000
885.000000
1272.000000
996.000000
13271.000000
1069.000000
1069.000000
13032.000000
13161.000000
12773.000000
1125.000000
1124.000000
1125.000000
1161.000000
1125.000000
848.000000
13253.000000
16939.000000
13087.000000
17178.000000
1309.000000
1162.000000
13327.000000
13215.000000
1253.000000
13327.000000
1254.000000
1290.000000
17178.000000
1143.000000
1106.000000
1161.000000
848.000000
996.000000
13253.000000
19483.000000
23206.000000
884.000000
15132.000000
13437.000000
12920.000000
12958.000000
19428.000000
13326.000000
1180.000000
15391.000000
17326.000000
1124.000000
15206.000000
1272.000000
12773.000000
1142.000000
16958.000000
27464.000000
1125.000000
996.000000
17179.000000
1142.000000
14782.000000
1050.000000
1125.000000
14967.000000
1069.000000
940.000000
1179.000000
1125.000000
1069.000000
19723.000000
18708.000000
15372.000000
17382.000000
1106.000000
1143.000000
1382.000000
15114.000000
17160.000000
15170.000000
13326.000000
1346.000000
903.000000
1124.000000
17271.000000
921.000000
19243.000000
12848.000000
1014.000000
13235.000000
23390.000000
17068.000000
13014.000000
17363.000000
17197.000000
14303.000000
13363.000000
13031.000000
17087.000000
14156.000000
