18782.000000
1364.000000
13142.000000
18930.000000
16183.000000
1143.000000
1143.000000
12848.000000
1161.000000
13050.000000
1124.000000
13031.000000
903.000000
1069.000000
1087.000000
904.000000
13013.000000
811.000000
14248.000000
1254.000000
1179.000000
1143.000000
958.000000
1142.000000
1069.000000
976.000000
13290.000000
14562.000000
940.000000
14543.000000
14765.000000
14653.000000
13087.000000
14413.000000
1272.000000
977.000000
12995.000000
15244.000000
940.000000
1033.000000
13289.000000
13216.000000
13087.000000
19022.000000
1087.000000
12940.000000
14930.000000
19206.000000
885.000000
12958.000000
1124.000000
1087.000000
1069.000000
15907.000000
995.000000
1088.000000
811.000000
13179.000000
885.000000
1272.000000
995.000000
13198.000000
13105.000000
1161.000000
664.000000
14838.000000
829.000000
14875.000000
1124.000000
1309.000000
13050.000000
13511.000000
19538.000000
977.000000
996.000000
921.000000
17068.000000
13271.000000
848.000000
867.000000
996.000000
903.000000
14782.000000
1161.000000
15446.000000
1198.000000
13437.000000
19925.000000
19243.000000
13345.000000
1162.000000
13253.000000
1143.000000
867.000000
13142.000000
811.000000
18856.000000
700.000000
13345.000000
1253.000000
1272.000000
15151.000000
1014.000000
13124.000000
17087.000000
940.000000
719.000000
1014.000000
756.000000
11520.000000
13326.000000
13289.000000
1217.000000
15170.000000
1013.000000
1179.000000
1088.000000
1677.000000
14691.000000
959.000000
1216.000000
1162.000000
13031.000000
1235.000000
14672.000000
1161.000000
1143.000000
1217.000000
13179.000000
16976.000000
1014.000000
13326.000000
11336.000000
15390.000000
1198.000000
1198.000000
774.000000
13142.000000
13197.000000
13106.000000
1198.000000
1143.000000
12976.000000
1032.000000
13326.000000
22819.000000
13013.000000
1125.000000
13861.000000
13253.000000
15022.000000
13031.000000
1161.000000
1033.000000
15225.000000
13253.000000
13161.000000
1161.000000
1088.000000
13013.000000
14690.000000
13253.000000
866.000000
1124.000000
12995.000000
921.000000
11078.000000
737.000000
17473.000000
1235.000000
996.000000
867.000000
13050.000000
995.000000
1161.000000
1088.000000
17843.000000
921.000000
13235.000000
13252.000000
940.000000
15188.000000
17585.000000
17565.000000
13050.000000
1051.000000
13068.000000
1217.000000
13732.000000
13105.000000
12976.000000
12958.000000
13382.000000
921.000000
921.000000
1217.000000
20257.000000
13843.000000
13032.000000
1106.000000
