13677.000000
13677.000000
13602.000000
13529.000000
13732.000000
13640.000000
13493.000000
13327.000000
13714.000000
13566.000000
13529.000000
13769.000000
13713.000000
13714.000000
13695.000000
13639.000000
13529.000000
13529.000000
13824.000000
13676.000000
13585.000000
23501.000000
13750.000000
12626.000000
13751.000000
13787.000000
13676.000000
13492.000000
13031.000000
13659.000000
13622.000000
13659.000000
13714.000000
23759.000000
13769.000000
13567.000000
13013.000000
13842.000000
13547.000000
13713.000000
13677.000000
13769.000000
13659.000000
13732.000000
13492.000000
13566.000000
13806.000000
13695.000000
13603.000000
13695.000000
13751.000000
13732.000000
13769.000000
13788.000000
13584.000000
13345.000000
13695.000000
13751.000000
13621.000000
13713.000000
13824.000000
13787.000000
13750.000000
13511.000000
13787.000000
13529.000000
13898.000000
13843.000000
12810.000000
13713.000000
13676.000000
13805.000000
13474.000000
13474.000000
13622.000000
13769.000000
13437.000000
13364.000000
14045.000000
13456.000000
13824.000000
13732.000000
13529.000000
13842.000000
13603.000000
13750.000000
13677.000000
13511.000000
13824.000000
13639.000000
12700.000000
13824.000000
13658.000000
13861.000000
13658.000000
13658.000000
14082.000000
13640.000000
13418.000000
13530.000000
13824.000000
12755.000000
13751.000000
13806.000000
13843.000000
13769.000000
13732.000000
13787.000000
13676.000000
13787.000000
13750.000000
13658.000000
13695.000000
13640.000000
13842.000000
13787.000000
13806.000000
13787.000000
13769.000000
23777.000000
13566.000000
13805.000000
14175.000000
13474.000000
13806.000000
23317.000000
13732.000000
13806.000000
13566.000000
13529.000000
13731.000000
13584.000000
13842.000000
13713.000000
13732.000000
13843.000000
13806.000000
13750.000000
13805.000000
13806.000000
13732.000000
13806.000000
23888.000000
13474.000000
13640.000000
13898.000000
13787.000000
13677.000000
13990.000000
13124.000000
13585.000000
13492.000000
13695.000000
13824.000000
13658.000000
13972.000000
13677.000000
13566.000000
13787.000000
13640.000000
13806.000000
13308.000000
13842.000000
13585.000000
13806.000000
13805.000000
13677.000000
23722.000000
13529.000000
13695.000000
13843.000000
13732.000000
13768.000000
13640.000000
13271.000000
13639.000000
13788.000000
13640.000000
13898.000000
13622.000000
13603.000000
13252.000000
12958.000000
13805.000000
13456.000000
13769.000000
13732.000000
13917.000000
13806.000000
13768.000000
13640.000000
13732.000000
13548.000000
13842.000000
13787.000000
13511.000000
13732.000000
14745.000000
13548.000000
13087.000000
