663.000000
700.000000
664.000000
1677.000000
701.000000
719.000000
719.000000
738.000000
700.000000
608.000000
645.000000
664.000000
682.000000
1678.000000
701.000000
682.000000
1678.000000
774.000000
719.000000
701.000000
700.000000
719.000000
738.000000
7059.000000
718.000000
627.000000
645.000000
682.000000
664.000000
737.000000
719.000000
737.000000
240.000000
627.000000
608.000000
719.000000
645.000000
701.000000
663.000000
627.000000
737.000000
682.000000
682.000000
700.000000
774.000000
682.000000
700.000000
645.000000
811.000000
700.000000
700.000000
774.000000
719.000000
774.000000
792.000000
774.000000
774.000000
682.000000
627.000000
737.000000
627.000000
682.000000
719.000000
940.000000
627.000000
682.000000
701.000000
774.000000
645.000000
811.000000
626.000000
701.000000
314.000000
663.000000
7115.000000
1014.000000
590.000000
1677.000000
718.000000
682.000000
682.000000
701.000000
774.000000
756.000000
682.000000
756.000000
664.000000
719.000000
701.000000
738.000000
645.000000
737.000000
737.000000
718.000000
719.000000
775.000000
701.000000
682.000000
701.000000
718.000000
314.000000
664.000000
608.000000
737.000000
848.000000
682.000000
774.000000
756.000000
719.000000
682.000000
793.000000
664.000000
664.000000
608.000000
701.000000
645.000000
756.000000
700.000000
756.000000
646.000000
811.000000
756.000000
682.000000
646.000000
663.000000
848.000000
700.000000
682.000000
977.000000
700.000000
682.000000
701.000000
682.000000
718.000000
1677.000000
701.000000
664.000000
719.000000
756.000000
663.000000
811.000000
737.000000
700.000000
737.000000
645.000000
627.000000
719.000000
627.000000
737.000000
719.000000
774.000000
663.000000
737.000000
700.000000
664.000000
701.000000
627.000000
756.000000
738.000000
719.000000
701.000000
700.000000
737.000000
792.000000
645.000000
774.000000
1659.000000
848.000000
718.000000
701.000000
700.000000
701.000000
719.000000
1014.000000
664.000000
663.000000
701.000000
645.000000
700.000000
738.000000
608.000000
682.000000
664.000000
774.000000
811.000000
608.000000
700.000000
682.000000
737.000000
719.000000
701.000000
903.000000
756.000000
663.000000
701.000000
663.000000
719.000000
737.000000
682.000000
461.000000
