700.000000
627.000000
701.000000
737.000000
701.000000
866.000000
700.000000
774.000000
737.000000
664.000000
719.000000
829.000000
756.000000
663.000000
737.000000
277.000000
719.000000
738.000000
682.000000
701.000000
700.000000
700.000000
737.000000
737.000000
627.000000
682.000000
719.000000
682.000000
719.000000
700.000000
663.000000
701.000000
1511.000000
682.000000
700.000000
719.000000
719.000000
682.000000
755.000000
811.000000
755.000000
793.000000
775.000000
756.000000
774.000000
756.000000
737.000000
866.000000
774.000000
719.000000
866.000000
756.000000
700.000000
719.000000
756.000000
682.000000
774.000000
885.000000
664.000000
756.000000
737.000000
701.000000
701.000000
792.000000
793.000000
774.000000
755.000000
738.000000
719.000000
774.000000
792.000000
719.000000
645.000000
737.000000
682.000000
719.000000
774.000000
701.000000
830.000000
110.000000
719.000000
719.000000
756.000000
719.000000
663.000000
701.000000
719.000000
682.000000
719.000000
774.000000
848.000000
774.000000
719.000000
737.000000
129.000000
719.000000
738.000000
793.000000
627.000000
737.000000
719.000000
645.000000
1216.000000
756.000000
774.000000
921.000000
737.000000
774.000000
755.000000
737.000000
700.000000
664.000000
866.000000
737.000000
663.000000
1014.000000
756.000000
682.000000
737.000000
129.000000
755.000000
737.000000
738.000000
719.000000
884.000000
718.000000
737.000000
718.000000
737.000000
793.000000
737.000000
718.000000
719.000000
774.000000
701.000000
664.000000
848.000000
719.000000
755.000000
885.000000
793.000000
719.000000
738.000000
701.000000
793.000000
737.000000
700.000000
701.000000
719.000000
700.000000
737.000000
719.000000
719.000000
756.000000
738.000000
664.000000
2119.000000
738.000000
774.000000
737.000000
774.000000
737.000000
627.000000
737.000000
774.000000
663.000000
793.000000
682.000000
774.000000
774.000000
756.000000
682.000000
719.000000
774.000000
165.000000
645.000000
793.000000
701.000000
682.000000
129.000000
719.000000
755.000000
940.000000
1254.000000
645.000000
700.000000
682.000000
756.000000
719.000000
682.000000
774.000000
811.000000
755.000000
830.000000
719.000000
830.000000
755.000000
737.000000
701.000000
793.000000
