1235.000000
774.000000
719.000000
682.000000
774.000000
737.000000
719.000000
737.000000
700.000000
737.000000
682.000000
737.000000
700.000000
719.000000
645.000000
756.000000
663.000000
829.000000
718.000000
793.000000
664.000000
829.000000
682.000000
682.000000
701.000000
682.000000
701.000000
903.000000
719.000000
718.000000
793.000000
700.000000
774.000000
774.000000
793.000000
664.000000
756.000000
719.000000
682.000000
830.000000
756.000000
718.000000
756.000000
792.000000
774.000000
682.000000
718.000000
718.000000
737.000000
719.000000
775.000000
663.000000
626.000000
589.000000
737.000000
645.000000
922.000000
719.000000
701.000000
664.000000
830.000000
737.000000
682.000000
719.000000
664.000000
718.000000
756.000000
792.000000
719.000000
645.000000
645.000000
682.000000
682.000000
700.000000
719.000000
903.000000
756.000000
737.000000
682.000000
719.000000
774.000000
719.000000
719.000000
682.000000
682.000000
792.000000
700.000000
719.000000
700.000000
811.000000
756.000000
682.000000
737.000000
700.000000
663.000000
811.000000
664.000000
682.000000
719.000000
627.000000
1751.000000
755.000000
129.000000
700.000000
719.000000
737.000000
719.000000
258.000000
701.000000
700.000000
719.000000
903.000000
737.000000
756.000000
645.000000
664.000000
664.000000
995.000000
700.000000
700.000000
682.000000
682.000000
774.000000
829.000000
755.000000
700.000000
701.000000
682.000000
719.000000
719.000000
811.000000
755.000000
774.000000
719.000000
682.000000
737.000000
700.000000
756.000000
719.000000
829.000000
738.000000
719.000000
792.000000
718.000000
756.000000
792.000000
700.000000
737.000000
737.000000
756.000000
738.000000
664.000000
737.000000
129.000000
664.000000
922.000000
645.000000
663.000000
774.000000
811.000000
756.000000
719.000000
719.000000
719.000000
682.000000
682.000000
701.000000
737.000000
663.000000
682.000000
664.000000
793.000000
738.000000
792.000000
682.000000
719.000000
774.000000
755.000000
738.000000
756.000000
645.000000
738.000000
830.000000
775.000000
719.000000
774.000000
737.000000
700.000000
756.000000
700.000000
922.000000
756.000000
663.000000
682.000000
737.000000
718.000000
663.000000
793.000000
756.000000
830.000000
