1696.000000
1880.000000
1382.000000
1715.000000
1696.000000
1770.000000
1696.000000
1401.000000
1917.000000
1327.000000
1659.000000
1364.000000
1695.000000
1658.000000
1512.000000
1695.000000
1715.000000
1751.000000
995.000000
1695.000000
1567.000000
1696.000000
1714.000000
1677.000000
1732.000000
1696.000000
1806.000000
1659.000000
1696.000000
1732.000000
1695.000000
1603.000000
1751.000000
1696.000000
1677.000000
1493.000000
1530.000000
1751.000000
1715.000000
1733.000000
1696.000000
1677.000000
1530.000000
1714.000000
1677.000000
1659.000000
1696.000000
1678.000000
1695.000000
1695.000000
1881.000000
1696.000000
1770.000000
1437.000000
1714.000000
1696.000000
1659.000000
1530.000000
1696.000000
1677.000000
1696.000000
1899.000000
1677.000000
1696.000000
1862.000000
2452.000000
1695.000000
1752.000000
1769.000000
1659.000000
1364.000000
1678.000000
1696.000000
1309.000000
1714.000000
1677.000000
1678.000000
1641.000000
1917.000000
1603.000000
1659.000000
1383.000000
1659.000000
1714.000000
1512.000000
1678.000000
1696.000000
1456.000000
1659.000000
1696.000000
1899.000000
1493.000000
1677.000000
1714.000000
1677.000000
1659.000000
1695.000000
1696.000000
1346.000000
885.000000
1678.000000
1677.000000
1825.000000
1659.000000
1751.000000
1862.000000
1696.000000
995.000000
1327.000000
1438.000000
1678.000000
1438.000000
1824.000000
1641.000000
1751.000000
1990.000000
1678.000000
1677.000000
1752.000000
1695.000000
1714.000000
1696.000000
1751.000000
2507.000000
1456.000000
1732.000000
1678.000000
1659.000000
1677.000000
1677.000000
1751.000000
1696.000000
1733.000000
1714.000000
1752.000000
1014.000000
1677.000000
1696.000000
1714.000000
1530.000000
1696.000000
1677.000000
1695.000000
1585.000000
1732.000000
1714.000000
1677.000000
1714.000000
1714.000000
1659.000000
2617.000000
1769.000000
1678.000000
1788.000000
1715.000000
1677.000000
1714.000000
1732.000000
1714.000000
1677.000000
1844.000000
1714.000000
1733.000000
1714.000000
1751.000000
1733.000000
1843.000000
1733.000000
1678.000000
1456.000000
1715.000000
1714.000000
1696.000000
1677.000000
1769.000000
1695.000000
1677.000000
2433.000000
1069.000000
1696.000000
1327.000000
1714.000000
1161.000000
1714.000000
1733.000000
1714.000000
1751.000000
1715.000000
1751.000000
1769.000000
1714.000000
1733.000000
1696.000000
1714.000000
1770.000000
1751.000000
1733.000000
1788.000000
1714.000000
1770.000000
