848.000000
1253.000000
903.000000
1106.000000
1124.000000
2857.000000
829.000000
1051.000000
792.000000
940.000000
1032.000000
775.000000
774.000000
1143.000000
1069.000000
977.000000
1604.000000
1032.000000
1179.000000
1088.000000
903.000000
884.000000
1069.000000
959.000000
959.000000
1051.000000
1179.000000
1991.000000
1088.000000
1032.000000
977.000000
921.000000
903.000000
1069.000000
1032.000000
1069.000000
1051.000000
830.000000
1659.000000
1235.000000
904.000000
664.000000
884.000000
903.000000
1088.000000
811.000000
1235.000000
1235.000000
1087.000000
1088.000000
1069.000000
1069.000000
1069.000000
958.000000
940.000000
1124.000000
922.000000
848.000000
793.000000
903.000000
903.000000
1088.000000
1014.000000
830.000000
1106.000000
1125.000000
1069.000000
1014.000000
1014.000000
1050.000000
1032.000000
682.000000
1014.000000
847.000000
1235.000000
1088.000000
1069.000000
1087.000000
627.000000
940.000000
922.000000
1051.000000
1566.000000
1198.000000
1087.000000
1069.000000
1069.000000
940.000000
774.000000
1161.000000
848.000000
664.000000
1253.000000
1087.000000
940.000000
1179.000000
1032.000000
1216.000000
1217.000000
958.000000
958.000000
866.000000
847.000000
811.000000
1050.000000
1051.000000
940.000000
1088.000000
940.000000
921.000000
1069.000000
1585.000000
940.000000
1069.000000
1143.000000
811.000000
830.000000
904.000000
1088.000000
664.000000
867.000000
1087.000000
940.000000
940.000000
830.000000
701.000000
1069.000000
1161.000000
996.000000
1106.000000
1032.000000
1106.000000
867.000000
1087.000000
959.000000
940.000000
1087.000000
1032.000000
1069.000000
922.000000
977.000000
995.000000
884.000000
793.000000
1070.000000
1069.000000
995.000000
1051.000000
996.000000
1050.000000
1032.000000
1050.000000
977.000000
792.000000
793.000000
922.000000
959.000000
774.000000
922.000000
1069.000000
1013.000000
1050.000000
922.000000
775.000000
1235.000000
1051.000000
959.000000
774.000000
1069.000000
1069.000000
1051.000000
940.000000
1087.000000
1032.000000
1106.000000
1106.000000
1069.000000
977.000000
1014.000000
1032.000000
996.000000
1087.000000
774.000000
775.000000
1235.000000
1051.000000
1069.000000
1161.000000
903.000000
1142.000000
921.000000
774.000000
1641.000000
1088.000000
848.000000
1050.000000
921.000000
940.000000
885.000000
995.000000
