1345.000000
1254.000000
1401.000000
867.000000
1290.000000
1327.000000
1456.000000
1253.000000
1308.000000
2340.000000
1382.000000
1051.000000
1346.000000
1271.000000
1290.000000
1162.000000
1401.000000
1586.000000
1327.000000
1346.000000
3410.000000
1198.000000
1364.000000
1217.000000
1419.000000
867.000000
1419.000000
1511.000000
1198.000000
1180.000000
1272.000000
2839.000000
1346.000000
1327.000000
1364.000000
1272.000000
1106.000000
1327.000000
1419.000000
1327.000000
1180.000000
1162.000000
1696.000000
1309.000000
1309.000000
1419.000000
995.000000
1143.000000
1327.000000
1346.000000
1142.000000
1162.000000
1327.000000
1290.000000
1235.000000
1401.000000
1087.000000
1309.000000
1253.000000
1161.000000
1438.000000
1235.000000
1290.000000
1714.000000
1309.000000
1235.000000
1345.000000
1143.000000
1253.000000
885.000000
1217.000000
1290.000000
1308.000000
1419.000000
1290.000000
1327.000000
867.000000
884.000000
1216.000000
1327.000000
1308.000000
1198.000000
1327.000000
1308.000000
1401.000000
1437.000000
1383.000000
1548.000000
1216.000000
1327.000000
1290.000000
885.000000
1364.000000
1235.000000
1143.000000
1124.000000
1585.000000
1161.000000
1290.000000
1216.000000
1327.000000
1327.000000
1401.000000
1143.000000
1272.000000
1401.000000
1345.000000
1235.000000
1419.000000
1272.000000
1235.000000
1272.000000
1401.000000
1309.000000
1327.000000
1253.000000
1327.000000
1309.000000
1198.000000
1327.000000
1511.000000
1198.000000
1272.000000
1069.000000
1327.000000
1309.000000
1124.000000
1493.000000
1125.000000
1346.000000
866.000000
1290.000000
1345.000000
1309.000000
1309.000000
1401.000000
1364.000000
866.000000
1327.000000
1308.000000
1272.000000
1382.000000
1106.000000
1106.000000
1364.000000
1364.000000
1382.000000
1309.000000
1659.000000
1474.000000
1179.000000
1364.000000
1328.000000
1253.000000
1346.000000
1235.000000
1419.000000
1125.000000
1290.000000
1180.000000
1179.000000
1272.000000
1198.000000
1198.000000
1401.000000
1308.000000
1272.000000
1124.000000
1327.000000
1217.000000
1216.000000
1253.000000
1419.000000
1401.000000
1272.000000
1677.000000
1216.000000
995.000000
1161.000000
1364.000000
1309.000000
1124.000000
1364.000000
959.000000
1309.000000
1290.000000
1143.000000
1290.000000
1143.000000
1309.000000
1272.000000
1364.000000
1291.000000
1069.000000
1088.000000
1291.000000
1143.000000
1327.000000
1346.000000
1346.000000
