921.000000
627.000000
829.000000
811.000000
922.000000
1088.000000
940.000000
904.000000
995.000000
1088.000000
940.000000
737.000000
811.000000
922.000000
996.000000
940.000000
903.000000
737.000000
977.000000
940.000000
903.000000
829.000000
1069.000000
977.000000
940.000000
1033.000000
1105.000000
848.000000
792.000000
921.000000
903.000000
903.000000
940.000000
977.000000
903.000000
904.000000
811.000000
737.000000
977.000000
922.000000
958.000000
811.000000
959.000000
922.000000
885.000000
1106.000000
885.000000
811.000000
977.000000
958.000000
959.000000
959.000000
885.000000
940.000000
940.000000
995.000000
922.000000
940.000000
2322.000000
921.000000
940.000000
922.000000
940.000000
977.000000
755.000000
941.000000
959.000000
940.000000
959.000000
921.000000
958.000000
922.000000
1032.000000
701.000000
940.000000
940.000000
719.000000
682.000000
922.000000
958.000000
903.000000
1124.000000
996.000000
848.000000
922.000000
922.000000
737.000000
903.000000
847.000000
1014.000000
958.000000
811.000000
829.000000
922.000000
921.000000
811.000000
664.000000
903.000000
959.000000
922.000000
903.000000
940.000000
940.000000
812.000000
940.000000
885.000000
922.000000
1069.000000
958.000000
792.000000
959.000000
940.000000
682.000000
977.000000
940.000000
811.000000
756.000000
811.000000
940.000000
940.000000
922.000000
737.000000
940.000000
700.000000
996.000000
958.000000
921.000000
1751.000000
848.000000
922.000000
940.000000
921.000000
737.000000
792.000000
885.000000
184.000000
940.000000
774.000000
995.000000
977.000000
811.000000
940.000000
719.000000
793.000000
701.000000
940.000000
922.000000
940.000000
921.000000
921.000000
959.000000
1069.000000
940.000000
848.000000
1106.000000
1198.000000
627.000000
811.000000
940.000000
922.000000
921.000000
719.000000
940.000000
903.000000
922.000000
792.000000
682.000000
959.000000
719.000000
922.000000
903.000000
811.000000
626.000000
921.000000
885.000000
958.000000
922.000000
774.000000
922.000000
719.000000
811.000000
922.000000
940.000000
885.000000
941.000000
738.000000
940.000000
958.000000
885.000000
848.000000
774.000000
922.000000
940.000000
663.000000
1014.000000
958.000000
922.000000
959.000000
922.000000
903.000000
