645.000000
626.000000
627.000000
645.000000
700.000000
609.000000
590.000000
590.000000
571.000000
590.000000
627.000000
590.000000
572.000000
608.000000
719.000000
590.000000
590.000000
608.000000
663.000000
571.000000
645.000000
663.000000
608.000000
627.000000
608.000000
682.000000
682.000000
664.000000
627.000000
663.000000
627.000000
682.000000
626.000000
590.000000
590.000000
608.000000
572.000000
608.000000
590.000000
553.000000
608.000000
608.000000
608.000000
608.000000
627.000000
627.000000
608.000000
627.000000
572.000000
1032.000000
664.000000
646.000000
589.000000
664.000000
572.000000
590.000000
590.000000
627.000000
645.000000
645.000000
682.000000
572.000000
571.000000
663.000000
627.000000
608.000000
627.000000
590.000000
571.000000
627.000000
590.000000
627.000000
590.000000
627.000000
811.000000
756.000000
608.000000
664.000000
590.000000
572.000000
571.000000
627.000000
590.000000
609.000000
626.000000
534.000000
590.000000
608.000000
626.000000
626.000000
664.000000
627.000000
608.000000
608.000000
571.000000
664.000000
663.000000
627.000000
590.000000
627.000000
590.000000
590.000000
645.000000
608.000000
590.000000
627.000000
608.000000
590.000000
627.000000
608.000000
572.000000
2341.000000
608.000000
627.000000
627.000000
627.000000
609.000000
590.000000
590.000000
608.000000
590.000000
626.000000
590.000000
590.000000
609.000000
608.000000
590.000000
627.000000
995.000000
608.000000
608.000000
682.000000
627.000000
663.000000
663.000000
609.000000
608.000000
571.000000
608.000000
608.000000
608.000000
774.000000
572.000000
627.000000
571.000000
627.000000
608.000000
589.000000
608.000000
589.000000
590.000000
589.000000
608.000000
627.000000
608.000000
589.000000
590.000000
627.000000
627.000000
627.000000
682.000000
626.000000
664.000000
811.000000
608.000000
590.000000
590.000000
664.000000
626.000000
590.000000
664.000000
608.000000
572.000000
738.000000
571.000000
719.000000
608.000000
1437.000000
682.000000
608.000000
627.000000
590.000000
590.000000
755.000000
608.000000
646.000000
590.000000
627.000000
572.000000
572.000000
590.000000
627.000000
129.000000
609.000000
626.000000
590.000000
589.000000
626.000000
608.000000
608.000000
