1272.000000
1272.000000
1308.000000
1272.000000
1180.000000
1272.000000
1161.000000
1161.000000
1254.000000
1309.000000
1345.000000
1161.000000
1290.000000
1383.000000
1327.000000
1254.000000
1253.000000
1179.000000
1401.000000
1199.000000
1253.000000
1253.000000
1253.000000
1253.000000
1272.000000
1272.000000
1253.000000
1253.000000
1253.000000
1420.000000
1253.000000
1272.000000
1162.000000
1327.000000
1309.000000
1309.000000
1327.000000
1364.000000
1364.000000
1254.000000
1254.000000
1327.000000
1235.000000
1272.000000
1272.000000
1125.000000
1180.000000
1198.000000
1254.000000
1253.000000
1327.000000
1290.000000
1180.000000
1179.000000
1364.000000
1253.000000
1235.000000
995.000000
1272.000000
1290.000000
1272.000000
1383.000000
1253.000000
1401.000000
1843.000000
1382.000000
1253.000000
1364.000000
1271.000000
1327.000000
1328.000000
1179.000000
1308.000000
1327.000000
1309.000000
1308.000000
1457.000000
1327.000000
1290.000000
1235.000000
1272.000000
1198.000000
1272.000000
1328.000000
1328.000000
1327.000000
1254.000000
1272.000000
1271.000000
1254.000000
1253.000000
1345.000000
1291.000000
1254.000000
1180.000000
1382.000000
1290.000000
1143.000000
1364.000000
1383.000000
1235.000000
1254.000000
1235.000000
1327.000000
1253.000000
1253.000000
1364.000000
1235.000000
1198.000000
1143.000000
1179.000000
1309.000000
1235.000000
1254.000000
1235.000000
1328.000000
1290.000000
1253.000000
2046.000000
1420.000000
1290.000000
1290.000000
1254.000000
1437.000000
1420.000000
1216.000000
1051.000000
1308.000000
1346.000000
1253.000000
1309.000000
1309.000000
1290.000000
1327.000000
1253.000000
1253.000000
1253.000000
1180.000000
1198.000000
1180.000000
1309.000000
1272.000000
1364.000000
2120.000000
1345.000000
1401.000000
1272.000000
1272.000000
1401.000000
1253.000000
1254.000000
1400.000000
1253.000000
1199.000000
1254.000000
1327.000000
1253.000000
1254.000000
1493.000000
1198.000000
1180.000000
1272.000000
1327.000000
1308.000000
1382.000000
1235.000000
1438.000000
1272.000000
996.000000
1254.000000
1309.000000
1253.000000
1272.000000
1308.000000
1364.000000
1087.000000
1346.000000
1438.000000
1253.000000
1125.000000
1253.000000
1216.000000
1272.000000
1346.000000
1253.000000
1327.000000
1253.000000
1290.000000
1198.000000
1272.000000
1216.000000
1327.000000
1917.000000
1345.000000
1308.000000
1346.000000
1383.000000
1493.000000
1180.000000
1253.000000
